2 0 2 .BB.M.....M..AASM.R.....R..P.....P..
3 1 2 ..BBM.....M..AASM.R.....R..P.....P..
3 1 2 BB..M.....M..AASM.R.....R..P.....P..
3 1 2 .BB.......M..AASM.R...M.R..P.....P..
3 1 2 .BB..........AASM.R...M.R..PM....P..
2 1 1 .BB..........AASS.R...M.R..PM....PM.
3 1 2 .BB.M.....M..AASM.R..P..R..P........
3 1 2 .BB.M.....M.RAASM.R........P.....P..
3 1 2 .BB.M.R...M.RAASM..........P.....P..
3 1 2 RBB.M.R...M..AASM..........P.....P..
3 1 2 .BB.M.....M..AASM.......R..P..R..P..
3 1 2 .BB.M.....M..AA.M.R.....R..P.....P..
4 1 3 .BB.M.....M.AA.SM.R.....R..P.....P..
3 2 1 .BB.M.....M..AASS.R.....R..P.....P..
3 2 1 BB..M.....M..AASS.R.....R..P.....P..
3 2 1 ..BB......M..AASS.R...M.R..P.....P..
3 2 1 ..BB.........AASS.R...M.R..PM....P..
3 2 1 ..BB.........AASS.R...M.R..PM....PM.
3 2 1 ..BBM.....M..AASS.R..P..R..P........
3 2 1 ..BBM.....M.RAASS.R........P.....P..
3 2 1 ..BBM.R...M.RAASS..........P.....P..
3 2 1 R.BBM.R...M..AASS..........P.....P..
3 2 1 ..BBM.....M..AASS.......R..P..R..P..
4 2 2 ..BBM.....M..AA.M.R.....R..P.....P..
4 2 2 ..BBM.....M.AA.SS.R.....R..P.....P..
3 2 1 ..BBM.....M..AASS.R.....R..P.....P..
3 2 1 BB........M..AASS.R...M.R..P.....P..
3 2 1 BB...........AASS.R...M.R..PM....P..
3 2 1 BB...........AASS.R...M.R..PM....PM.
3 2 1 BB..M.....M..AASS.R..P..R..P........
3 2 1 BB..M.....M.RAASS.R........P.....P..
3 2 1 BB..M.R...M.RAASS..........P.....P..
3 2 1 BB..M.....M..AASS.......R..P..R..P..
4 2 2 BB..M.....M..AA.M.R.....R..P.....P..
4 2 2 BB..M.....M.AA.SS.R.....R..P.....P..
3 2 1 ...BB.....M..AASS.R...M.R..P.....P..
3 2 1 ....BB....M..AASS.R...M.R..P.....P..
3 2 1 .BB..........AASS.R...M.R..PM....P..
3 2 1 .BB.......M..AASS.R..PM.R..P........
3 2 1 .BB.......M.RAASS.R...M....P.....P..
3 2 1 .BB...R...M.RAASS.....M....P.....P..
3 2 1 RBB...R...M..AASS.....M....P.....P..
3 2 1 .BB.......M..AASS.....M.R..P..R..P..
4 2 2 .BB.......M..AA.M.R...M.R..P.....P..
4 2 2 .BB.......M.AA.SS.R...M.R..P.....P..
3 2 1 ...BB........AASS.R...M.R..PM....P..
3 2 1 ....BB.......AASS.R...M.R..PM....P..
3 2 1 .BB.......M..AASS.R...M.R..P.....P..
3 2 1 .BB..........AASS.R..PM.R..PM.......
3 2 1 .BB.........RAASS.R...M....PM....P..
3 2 1 .BB...R.....RAASS.....M....PM....P..
3 2 1 RBB...R......AASS.....M....PM....P..
3 2 1 .BB..........AASS.....M.R..PM.R..P..
4 2 2 .BB..........AA.M.R...M.R..PM....P..
4 2 2 .BB.........AA.SS.R...M.R..PM....P..
3 2 1 ...BB........AASS.R...M.R..PM....PM.
3 2 1 ....BB.......AASS.R...M.R..PM....PM.
3 2 1 .BB..........AASS.R..PM.R..PM.....M.
3 2 1 .BB.........RAASS.R...M....PM....PM.
3 2 1 .BB...R.....RAASS.....M....PM....PM.
3 2 1 RBB...R......AASS.....M....PM....PM.
3 2 1 .BB..........AASS.....M.R..PM.R..PM.
3 2 1 .BB..........AA...R...M.R..PM....PM.
4 2 2 .BB.........AA.SS.R...M.R..PM....PM.
3 2 1 .BB.M.....M.RAASS.R..P.....P........
3 2 1 .BB.M.R...M.RAASS....P.....P........
3 2 1 RBB.M.R...M..AASS....P.....P........
3 2 1 .BB.M.....M..AASS....P..R..P..R.....
4 2 2 .BB.M.....M..AA.M.R..P..R..P........
4 2 2 .BB.M.....M.AA.SS.R..P..R..P........
3 2 1 .BB.M.R...M.RAASS..........P.....P..
3 2 1 RBB.M.R...M..AASS..........P.....P..
3 2 1 .BB.M.....M..AASS.......R..P..R..P..
4 2 2 .BB.M.....M.RAA.M.R........P.....P..
3 2 1 .BB.M.....M.RAASS.R........P.....P..
4 2 2 .BB.M.R...M.RAA.M..........P.....P..
4 2 2 RBB.M.R...M..AA.M..........P.....P..
4 2 2 RBB.M.R...M.AA.SS..........P.....P..
4 2 2 .BB.M.....M..AA.M.......R..P..R..P..
4 2 2 .BB.M.....M.AA.SS.......R..P..R..P..
3 2 1 .BB.M.....M...AAM.R.....R..P.....P..
4 2 2 .BB.M.....M..AAPM.R..P..R...........
4 2 2 .BB.M....PM..AAPM.R.....R...........
4 2 2 .BBPM....PM..AA.M.R.....R...........
4 2 2 .BB.M.....M.AA..M.R.....R..P.....P..
4 2 2 .BB.M.....M.AASSM.R.....R..P.....P..
5 3 2 BB........M..AASM.R...M.R..P.....P..
5 3 2 BB...........AASM.R...M.R..PM....P..
5 3 2 BB..M.....M..AASM.R..P..R..P........
5 3 2 BB..M.....M.RAASM.R........P.....P..
5 3 2 BB..M.R...M.RAASM..........P.....P..
5 3 2 BB..M.....M..AASM.......R..P..R..P..
6 3 3 BB..M.....M.AA.SM.R.....R..P.....P..
5 3 2 ...BB.....M..AASM.R...M.R..P.....P..
5 3 2 ....BB....M..AASM.R...M.R..P.....P..
5 3 2 ..BB.........AASM.R...M.R..PM....P..
5 3 2 ..BB......M..AASM.R..PM.R..P........
5 3 2 ..BB......M.RAASM.R...M....P.....P..
5 3 2 ..BB..R...M.RAASM.....M....P.....P..
5 3 2 R.BB..R...M..AASM.....M....P.....P..
5 3 2 ..BB......M..AASM.....M.R..P..R..P..
5 3 2 ..BB......M..AA.M.R...M.R..P.....P..
6 3 3 ..BB......M.AA.SM.R...M.R..P.....P..
5 3 2 ...BB........AASM.R...M.R..PM....P..
5 3 2 ....BB.......AASM.R...M.R..PM....P..
5 3 2 ..BB......M..AASM.R...M.R..P.....P..
5 3 2 ..BB.........AASM.R..PM.R..PM.......
5 3 2 ..BB........RAASM.R...M....PM....P..
5 3 2 ..BB..R.....RAASM.....M....PM....P..
5 3 2 R.BB..R......AASM.....M....PM....P..
5 3 2 ..BB.........AASM.....M.R..PM.R..P..
5 3 2 ..BB.........AA.M.R...M.R..PM....P..
6 3 3 ..BB........AA.SM.R...M.R..PM....P..
4 3 1 ..BB.........AASS.R..PM.R..PM.....M.
4 3 1 ..BB........RAASS.R...M....PM....PM.
4 3 1 ..BB..R.....RAASS.....M....PM....PM.
4 3 1 R.BB..R......AASS.....M....PM....PM.
4 3 1 ..BB.........AASS.....M.R..PM.R..PM.
4 3 1 ..BB.........AA...R...M.R..PM....PM.
5 3 2 ..BB........AA.SS.R...M.R..PM....PM.
5 3 2 ..BBM.....M.RAASM.R..P.....P........
5 3 2 ..BBM.R...M.RAASM....P.....P........
5 3 2 R.BBM.R...M..AASM....P.....P........
5 3 2 ..BBM.....M..AASM....P..R..P..R.....
5 3 2 ..BBM.....M..AA.M.R..P..R..P........
6 3 3 ..BBM.....M.AA.SM.R..P..R..P........
4 3 1 ..BB......M.RAASS.R...M....P.....P..
4 3 1 ..BB........RAASS.R...M....PM....P..
4 3 1 ..BBM.....M.RAASS.R..P.....P........
5 3 2 ..BBM.....M.RAA.M.R........P.....P..
5 3 2 R.BBM.R...M..AASM..........P.....P..
5 3 2 ..BBM.....M.RAASM.R........P.....P..
5 3 2 ..BBM.....M..AASM.......R..P..R..P..
5 3 2 ..BBM.R...M.RAA.M..........P.....P..
5 3 2 R.BBM.R...M..AA.M..........P.....P..
6 3 3 R.BBM.R...M.AA.SM..........P.....P..
5 3 2 ..BBM.R...M.RAASM..........P.....P..
5 3 2 ..BBM.....M..AA.M.......R..P..R..P..
6 3 3 ..BBM.....M.AA.SM.......R..P..R..P..
4 3 1 ..BBM.....M...AAM.R.....R..P.....P..
5 3 2 ..BBM.....M..AAPM.R..P..R...........
5 3 2 ..BBM....PM..AAPM.R.....R...........
5 3 2 ..BBM.....M.AA..M.R.....R..P.....P..
5 3 2 .BB.M.....M.AA.SS.R.....R..P.....P..
5 3 2 ..BB......M.AA.SS.R...M.R..P.....P..
5 3 2 ..BB........AA.SS.R...M.R..PM....P..
5 3 2 ..BBM.....M.AA.SS.R..P..R..P........
5 3 2 ..BBM.....M.AA.SS.......R..P..R..P..
5 3 2 ..BBM.....M.AASSM.R.....R..P.....P..
5 3 2 ..BBM.....M..AASM.R..P..R..P........
6 3 3 ..BBM.....M.AA.SM.R.....R..P.....P..
5 3 2 BB........M..AASM.R..PM.R..P........
5 3 2 BB........M.RAASM.R...M....P.....P..
5 3 2 BB....R...M.RAASM.....M....P.....P..
5 3 2 BB........M..AASM.....M.R..P..R..P..
5 3 2 BB........M..AA.M.R...M.R..P.....P..
6 3 3 BB........M.AA.SM.R...M.R..P.....P..
5 3 2 BB...........AASM.R..PM.R..PM.......
5 3 2 BB..........RAASM.R...M....PM....P..
5 3 2 BB....R.....RAASM.....M....PM....P..
5 3 2 BB...........AASM.....M.R..PM.R..P..
5 3 2 BB...........AA.M.R...M.R..PM....P..
6 3 3 BB..........AA.SM.R...M.R..PM....P..
4 3 1 BB...........AASS.R..PM.R..PM.....M.
4 3 1 BB..........RAASS.R...M....PM....PM.
4 3 1 BB....R.....RAASS.....M....PM....PM.
4 3 1 BB...........AASS.....M.R..PM.R..PM.
4 3 1 BB...........AA...R...M.R..PM....PM.
5 3 2 BB..........AA.SS.R...M.R..PM....PM.
5 3 2 BB..M.....M.RAASM.R..P.....P........
5 3 2 BB..M.R...M.RAASM....P.....P........
5 3 2 BB..M.....M..AASM....P..R..P..R.....
5 3 2 BB..M.....M..AA.M.R..P..R..P........
6 3 3 BB..M.....M.AA.SM.R..P..R..P........
5 3 2 BB..M.....M.RAA.M.R........P.....P..
5 3 2 BB..M.R...M.RAA.M..........P.....P..
4 3 1 BB...........AASS.....M.R..PM.R..P..
5 3 2 BB..M.....M..AA.M.......R..P..R..P..
6 3 3 BB..M.....M.AA.SM.......R..P..R..P..
4 3 1 BB..M.....M...AAM.R.....R..P.....P..
5 3 2 BB..M.....M..AAPM.R..P..R...........
5 3 2 BB..M....PM..AAPM.R.....R...........
5 3 2 BB.PM....PM..AA.M.R.....R...........
5 3 2 BB..M.....M.AA..M.R.....R..P.....P..
5 3 2 BB........M.AA.SS.R...M.R..P.....P..
5 3 2 BB..........AA.SS.R...M.R..PM....P..
5 3 2 BB..M.....M.AA.SS.R..P..R..P........
5 3 2 BB..M.....M.AA.SS.......R..P..R..P..
5 3 2 BB..M.....M.AASSM.R.....R..P.....P..
5 3 2 ...BB.....M..AASM.R..PM.R..P........
5 3 2 ...BB.....M.RAASM.R...M....P.....P..
5 3 2 ...BB.R...M.RAASM.....M....P.....P..
5 3 2 R..BB.R...M..AASM.....M....P.....P..
5 3 2 ...BB.....M..AASM.....M.R..P..R..P..
5 3 2 ...BB.....M..AA.M.R...M.R..P.....P..
6 3 3 ...BB.....M.AA.SM.R...M.R..P.....P..
5 3 2 ....BB....M..AASM.R..PM.R..P........
5 3 2 ....BB....M.RAASM.R...M....P.....P..
5 3 2 ....BBR...M.RAASM.....M....P.....P..
5 3 2 R...BBR...M..AASM.....M....P.....P..
5 3 2 ....BB....M..AASM.....M.R..P..R..P..
5 3 2 ....BB....M..AA.M.R...M.R..P.....P..
6 3 3 ....BB....M.AA.SM.R...M.R..P.....P..
5 3 2 .BB..........AASM.R..PM.R..PM.......
5 3 2 .BB.........RAASM.R...M....PM....P..
5 3 2 .BB...R.....RAASM.....M....PM....P..
5 3 2 RBB...R......AASM.....M....PM....P..
5 3 2 .BB..........AASM.....M.R..PM.R..P..
6 3 3 .BB.........AA.SM.R...M.R..PM....P..
5 3 2 .BB.......M.RAASM.R..PM....P........
5 3 2 .BB...R...M.RAASM....PM....P........
5 3 2 RBB...R...M..AASM....PM....P........
5 3 2 .BB.......M..AASM....PM.R..P..R.....
5 3 2 .BB.......M..AA.M.R..PM.R..P........
6 3 3 .BB.......M.AA.SM.R..PM.R..P........
5 3 2 .BB...R...M.RAASM.....M....P.....P..
5 3 2 RBB...R...M..AASM.....M....P.....P..
5 3 2 .BB.......M..AASM.....M.R..P..R..P..
5 3 2 .BB.......M.RAA.M.R...M....P.....P..
5 3 2 .BB.......M.RAASM.R...M....P.....P..
5 3 2 .BB...R...M.RAA.M.....M....P.....P..
5 3 2 RBB...R...M..AA.M.....M....P.....P..
6 3 3 RBB...R...M.AA.SM.....M....P.....P..
5 3 2 .BB.......M..AA.M.....M.R..P..R..P..
6 3 3 .BB.......M.AA.SM.....M.R..P..R..P..
4 3 1 .BB.......M...AAM.R...M.R..P.....P..
5 3 2 .BB.......M..AAPM.R..PM.R...........
5 3 2 .BB......PM..AAPM.R...M.R...........
5 3 2 .BBP.....PM..AA.M.R...M.R...........
5 3 2 .BB.......M.AA..M.R...M.R..P.....P..
5 3 2 ...BB.....M.AA.SS.R...M.R..P.....P..
5 3 2 ....BB....M.AA.SS.R...M.R..P.....P..
5 3 2 .BB.......M.AA.SS.R..PM.R..P........
5 3 2 .BB.......M.AA.SS.....M.R..P..R..P..
5 3 2 .BB.......M.AASSM.R...M.R..P.....P..
5 3 2 ...BB........AASM.R..PM.R..PM.......
5 3 2 ...BB.......RAASM.R...M....PM....P..
5 3 2 ...BB.R.....RAASM.....M....PM....P..
5 3 2 R..BB.R......AASM.....M....PM....P..
5 3 2 ...BB........AASM.....M.R..PM.R..P..
5 3 2 ...BB........AA.M.R...M.R..PM....P..
6 3 3 ...BB.......AA.SM.R...M.R..PM....P..
5 3 2 ....BB.......AASM.R..PM.R..PM.......
5 3 2 ....BB......RAASM.R...M....PM....P..
5 3 2 ....BBR.....RAASM.....M....PM....P..
5 3 2 R...BBR......AASM.....M....PM....P..
5 3 2 ....BB.......AASM.....M.R..PM.R..P..
5 3 2 ....BB.......AA.M.R...M.R..PM....P..
6 3 3 ....BB......AA.SM.R...M.R..PM....P..
5 3 2 .BB.......M..AASM.R..PM.R..P........
6 3 3 .BB.......M.AA.SM.R...M.R..P.....P..
5 3 2 .BB.........RAASM.R..PM....PM.......
5 3 2 .BB...R.....RAASM....PM....PM.......
5 3 2 RBB...R......AASM....PM....PM.......
5 3 2 .BB..........AASM....PM.R..PM.R.....
5 3 2 .BB..........AA.M.R..PM.R..PM.......
6 3 3 .BB.........AA.SM.R..PM.R..PM.......
5 3 2 .BB.........RAA.M.R...M....PM....P..
5 3 2 .BB...R.....RAA.M.....M....PM....P..
5 3 2 RBB...R......AA.M.....M....PM....P..
6 3 3 RBB...R.....AA.SM.....M....PM....P..
5 3 2 .BB..........AA.M.....M.R..PM.R..P..
6 3 3 .BB.........AA.SM.....M.R..PM.R..P..
4 3 1 .BB...........AAM.R...M.R..PM....P..
5 3 2 .BB..........AAPM.R..PM.R...M.......
5 3 2 .BB......P...AAPM.R...M.R...M.......
5 3 2 .BBP.....P...AA.M.R...M.R...M.......
5 3 2 .BB.........AA..M.R...M.R..PM....P..
5 3 2 ...BB.......AA.SS.R...M.R..PM....P..
5 3 2 ....BB......AA.SS.R...M.R..PM....P..
5 3 2 .BB.........AA.SS.R..PM.R..PM.......
5 3 2 .BB.........AA.SS.....M.R..PM.R..P..
5 3 2 .BB.........AASSM.R...M.R..PM....P..
4 3 1 ...BB........AASS.R..PM.R..PM.....M.
4 3 1 ...BB.......RAASS.R...M....PM....PM.
4 3 1 ...BB.R.....RAASS.....M....PM....PM.
4 3 1 R..BB.R......AASS.....M....PM....PM.
4 3 1 ...BB........AASS.....M.R..PM.R..PM.
4 3 1 ...BB........AA...R...M.R..PM....PM.
5 3 2 ...BB.......AA.SS.R...M.R..PM....PM.
4 3 1 ....BB.......AASS.R..PM.R..PM.....M.
4 3 1 ....BB......RAASS.R...M....PM....PM.
4 3 1 ....BBR.....RAASS.....M....PM....PM.
4 3 1 R...BBR......AASS.....M....PM....PM.
4 3 1 ....BB.......AASS.....M.R..PM.R..PM.
4 3 1 ....BB.......AA...R...M.R..PM....PM.
5 3 2 ....BB......AA.SS.R...M.R..PM....PM.
4 3 1 .BB.........RAASS.R..PM....PM.....M.
4 3 1 .BB...R.....RAASS....PM....PM.....M.
4 3 1 RBB...R......AASS....PM....PM.....M.
4 3 1 .BB..........AASS....PM.R..PM.R...M.
4 3 1 .BB..........AA...R..PM.R..PM.....M.
5 3 2 .BB.........AA.SS.R..PM.R..PM.....M.
4 3 1 .BB.........RAA...R...M....PM....PM.
4 3 1 .BB...R.....RAA.......M....PM....PM.
4 3 1 RBB...R......AA.......M....PM....PM.
5 3 2 RBB...R.....AA.SS.....M....PM....PM.
4 3 1 .BB..........AA.......M.R..PM.R..PM.
5 3 2 .BB.........AA.SS.....M.R..PM.R..PM.
3 3 0 .BB............AA.R...M.R..PM....PM.
3 3 0 .BB.............AAR...M.R..PM....PM.
4 3 1 .BB...........AA..R...M.R..PM....PM.
5 3 2 .BB..........AAP..R..PM.R...M.....M.
5 3 2 .BB......P...AAP..R...M.R...M.....M.
4 3 1 .BBP.....P...AA...R...M.R...M.....M.
4 3 1 .BB.........AA....R...M.R..PM....PM.
5 3 2 .BB.........AASS..R...M.R..PM....PM.
5 3 2 .BB.M.R...M.RAASM....P.....P........
5 3 2 RBB.M.R...M..AASM....P.....P........
5 3 2 .BB.M.....M..AASM....P..R..P..R.....
5 3 2 .BB.M.....M.RAA.M.R..P.....P........
5 3 2 .BB.M.....M.RAASM.R..P.....P........
5 3 2 .BB.M.R...M.RAA.M....P.....P........
4 3 1 R.BBM.R...M..AASS....P.....P........
4 3 1 RBB...R...M..AASS....PM....P........
4 3 1 RBB...R......AASS....PM....PM.......
5 3 2 RBB.M.R...M..AA.M....P.....P........
5 3 2 RBB.M.R...M.AA.SS....P.....P........
5 3 2 .BB.M.....M..AA.M....P..R..P..R.....
6 3 3 .BB.M.....M.AA.SM....P..R..P..R.....
4 3 1 .BB.M.....M...AAM.R..P..R..P........
5 3 2 .BB.M.....M.AA..M.R..P..R..P........
4 3 1 .BB.M.....M..AASS.R..P..R..P........
5 3 2 .BB.M.....M.AA.SS....P..R..P..R.....
5 3 2 .BB.M.....M.AASSM.R..P..R..P........
6 3 3 RBB.M.R...M.AA.SM..........P.....P..
6 3 3 .BB.M.....M.AA.SM.......R..P..R..P..
4 3 1 .BB.M.....M.R.AAM.R........P.....P..
5 3 2 .BB.M.....M.RAAPM.R..P..............
5 3 2 .BB.M....PM.RAAPM.R.................
5 3 2 .BBPM....PM.RAA.M.R.................
4 3 1 .BB.M.R...M.R.AAM..........P.....P..
5 3 2 .BB.M.R...M.RAAPM....P..............
5 3 2 .BB.M.R..PM.RAAPM...................
5 3 2 .BBPM.R..PM.RAA.M...................
4 3 1 RBB.M.R...M...AAM..........P.....P..
5 3 2 RBB.M.R...M..AAPM....P..............
5 3 2 RBB.M.R..PM..AAPM...................
5 3 2 RBBPM.R..PM..AA.M...................
5 3 2 RBB.M.R...M.AA..M..........P.....P..
5 3 2 R.BBM.R...M.AA.SS..........P.....P..
5 3 2 RBB...R...M.AA.SS.....M....P.....P..
5 3 2 RBB...R.....AA.SS.....M....PM....P..
5 3 2 RBB.M.R...M.AASSM..........P.....P..
4 3 1 .BB.M.....M...AAM.......R..P..R..P..
5 3 2 .BB.M.....M..AAPM....P..R.....R.....
5 3 2 .BB.M....PM..AAPM.......R.....R.....
5 3 2 .BBPM....PM..AA.M.......R.....R.....
5 3 2 .BB.M.....M.AA..M.......R..P..R..P..
5 3 2 .BB.M.....M.AASSM.......R..P..R..P..
6 3 3 .BB.M.....M.AA.PM.R..P..R...........
6 3 3 .BB.M....PM.AA.PM.R.....R...........
4 3 1 .BBPM....PM...AAM.R.....R...........
5 3 2 .BBPM....PM.AA..M.R.....R...........
5 4 1 BB........M..AASS.R..PM.R..P........
5 4 1 BB........M.RAASS.R...M....P.....P..
5 4 1 BB....R...M.RAASS.....M....P.....P..
5 4 1 BB........M..AASS.....M.R..P..R..P..
5 4 1 BB...........AASS.R..PM.R..PM.......
5 4 1 BB..........RAASS.R...M....PM....P..
5 4 1 BB....R.....RAASS.....M....PM....P..
5 4 1 BB..M.....M.RAASS.R..P.....P........
5 4 1 BB..M.R...M.RAASS....P.....P........
5 4 1 BB..M.....M..AASS....P..R..P..R.....
5 4 1 ...BB.....M..AASS.R..PM.R..P........
5 4 1 ...BB.....M.RAASS.R...M....P.....P..
5 4 1 ...BB.R...M.RAASS.....M....P.....P..
5 4 1 R..BB.R...M..AASS.....M....P.....P..
5 4 1 ...BB.....M..AASS.....M.R..P..R..P..
5 4 1 ....BB....M..AASS.R..PM.R..P........
5 4 1 ....BB....M.RAASS.R...M....P.....P..
5 4 1 ....BBR...M.RAASS.....M....P.....P..
5 4 1 R...BBR...M..AASS.....M....P.....P..
5 4 1 ....BB....M..AASS.....M.R..P..R..P..
5 4 1 ..BB.........AASS.R..PM.R..PM.......
5 4 1 ..BB..R.....RAASS.....M....PM....P..
5 4 1 R.BB..R......AASS.....M....PM....P..
5 4 1 ..BB.........AASS.....M.R..PM.R..P..
5 4 1 ..BB......M.RAASS.R..PM....P........
5 4 1 ..BB..R...M.RAASS....PM....P........
5 4 1 R.BB..R...M..AASS....PM....P........
5 4 1 ..BB......M..AASS....PM.R..P..R.....
6 4 2 ..BB......M..AA.M.R..PM.R..P........
6 4 2 ..BB......M.AA.SS.R..PM.R..P........
5 4 1 ..BB..R...M.RAASS.....M....P.....P..
5 4 1 R.BB..R...M..AASS.....M....P.....P..
5 4 1 ..BB......M..AASS.....M.R..P..R..P..
6 4 2 ..BB......M.RAA.M.R...M....P.....P..
6 4 2 ..BB..R...M.RAA.M.....M....P.....P..
6 4 2 R.BB..R...M..AA.M.....M....P.....P..
6 4 2 R.BB..R...M.AA.SS.....M....P.....P..
6 4 2 ..BB......M..AA.M.....M.R..P..R..P..
6 4 2 ..BB......M.AA.SS.....M.R..P..R..P..
5 4 1 ..BB......M...AAM.R...M.R..P.....P..
6 4 2 ..BB......M..AAPM.R..PM.R...........
6 4 2 ..BB.....PM..AAPM.R...M.R...........
6 4 2 ..BB......M.AA..M.R...M.R..P.....P..
6 4 2 ..BB......M.AASSM.R...M.R..P.....P..
5 4 1 ...BB........AASS.R..PM.R..PM.......
5 4 1 ...BB.......RAASS.R...M....PM....P..
5 4 1 ...BB.R.....RAASS.....M....PM....P..
5 4 1 R..BB.R......AASS.....M....PM....P..
5 4 1 ...BB........AASS.....M.R..PM.R..P..
5 4 1 ....BB.......AASS.R..PM.R..PM.......
5 4 1 ....BB......RAASS.R...M....PM....P..
5 4 1 ....BBR.....RAASS.....M....PM....P..
5 4 1 R...BBR......AASS.....M....PM....P..
5 4 1 ....BB.......AASS.....M.R..PM.R..P..
5 4 1 ..BB......M..AASS.R..PM.R..P........
5 4 1 ..BB........RAASS.R..PM....PM.......
5 4 1 ..BB..R.....RAASS....PM....PM.......
5 4 1 R.BB..R......AASS....PM....PM.......
5 4 1 ..BB.........AASS....PM.R..PM.R.....
6 4 2 ..BB.........AA.M.R..PM.R..PM.......
6 4 2 ..BB........AA.SS.R..PM.R..PM.......
6 4 2 ..BB........RAA.M.R...M....PM....P..
6 4 2 ..BB..R.....RAA.M.....M....PM....P..
6 4 2 R.BB..R......AA.M.....M....PM....P..
6 4 2 R.BB..R.....AA.SS.....M....PM....P..
6 4 2 ..BB.........AA.M.....M.R..PM.R..P..
6 4 2 ..BB........AA.SS.....M.R..PM.R..P..
5 4 1 ..BB..........AAM.R...M.R..PM....P..
6 4 2 ..BB.........AAPM.R..PM.R...M.......
6 4 2 ..BB.....P...AAPM.R...M.R...M.......
6 4 2 ..BB........AA..M.R...M.R..PM....P..
6 4 2 ..BB........AASSM.R...M.R..PM....P..
5 4 1 ..BB........RAASS.R..PM....PM.....M.
5 4 1 ..BB..R.....RAASS....PM....PM.....M.
5 4 1 R.BB..R......AASS....PM....PM.....M.
5 4 1 ..BB.........AASS....PM.R..PM.R...M.
5 4 1 ..BB.........AA...R..PM.R..PM.....M.
6 4 2 ..BB........AA.SS.R..PM.R..PM.....M.
5 4 1 ..BB........RAA...R...M....PM....PM.
5 4 1 ..BB..R.....RAA.......M....PM....PM.
5 4 1 R.BB..R......AA.......M....PM....PM.
6 4 2 R.BB..R.....AA.SS.....M....PM....PM.
5 4 1 ..BB.........AA.......M.R..PM.R..PM.
6 4 2 ..BB........AA.SS.....M.R..PM.R..PM.
4 4 0 ..BB...........AA.R...M.R..PM....PM.
4 4 0 ..BB............AAR...M.R..PM....PM.
5 4 1 ..BB..........AA..R...M.R..PM....PM.
6 4 2 ..BB.........AAP..R..PM.R...M.....M.
6 4 2 ..BB.....P...AAP..R...M.R...M.....M.
5 4 1 ..BB........AA....R...M.R..PM....PM.
6 4 2 ..BB........AASS..R...M.R..PM....PM.
5 4 1 ..BBM.R...M.RAASS....P.....P........
5 4 1 ..BBM.....M..AASS....P..R..P..R.....
6 4 2 ..BBM.....M.RAA.M.R..P.....P........
6 4 2 ..BBM.R...M.RAA.M....P.....P........
6 4 2 R.BB..R...M..AASM....PM....P........
6 4 2 R.BB..R......AASM....PM....PM.......
6 4 2 R.BBM.R...M..AA.M....P.....P........
7 4 3 R.BBM.R...M.AA.SM....P.....P........
6 4 2 ..BBM.....M..AA.M....P..R..P..R.....
6 4 2 ..BBM.....M.AA.SS....P..R..P..R.....
5 4 1 ..BBM.....M...AAM.R..P..R..P........
6 4 2 ..BBM.....M.AA..M.R..P..R..P........
6 4 2 ..BBM.....M.AASSM.R..P..R..P........
6 4 2 ..BB......M.RAASM.R..PM....P........
6 4 2 ..BB........RAASM.R..PM....PM.......
5 4 1 ..BBM.....M.R.AAM.R........P.....P..
6 4 2 ..BBM.....M.RAAPM.R..P..............
6 4 2 ..BBM....PM.RAAPM.R.................
5 4 1 ..BBM.R...M.R.AAM..........P.....P..
6 4 2 ..BBM.R...M.RAAPM....P..............
6 4 2 ..BBM.R..PM.RAAPM...................
5 4 1 R.BBM.R...M...AAM..........P.....P..
6 4 2 R.BBM.R...M..AAPM....P..............
6 4 2 R.BBM.R..PM..AAPM...................
6 4 2 R.BBM.R...M.AA..M..........P.....P..
6 4 2 R.BBM.R...M.AA.SS....P.....P........
6 4 2 R.BBM.R...M.AASSM..........P.....P..
5 4 1 ..BBM.....M...AAM.......R..P..R..P..
6 4 2 ..BBM.....M..AAPM....P..R.....R.....
6 4 2 ..BBM....PM..AAPM.......R.....R.....
6 4 2 ..BBM.....M.AA..M.......R..P..R..P..
6 4 2 ..BBM.....M.AASSM.......R..P..R..P..
7 4 3 ..BBM.....M.AA.PM.R..P..R...........
7 4 3 ..BBM....PM.AA.PM.R.....R...........
5 4 1 BB........M.RAASS.R..PM....P........
5 4 1 BB....R...M.RAASS....PM....P........
5 4 1 BB........M..AASS....PM.R..P..R.....
6 4 2 BB........M..AA.M.R..PM.R..P........
6 4 2 BB........M.AA.SS.R..PM.R..P........
6 4 2 BB........M.RAA.M.R...M....P.....P..
6 4 2 BB....R...M.RAA.M.....M....P.....P..
6 4 2 BB........M..AA.M.....M.R..P..R..P..
6 4 2 BB........M.AA.SS.....M.R..P..R..P..
5 4 1 BB........M...AAM.R...M.R..P.....P..
6 4 2 BB........M..AAPM.R..PM.R...........
6 4 2 BB.......PM..AAPM.R...M.R...........
6 4 2 BB.P.....PM..AA.M.R...M.R...........
6 4 2 BB........M.AA..M.R...M.R..P.....P..
6 4 2 BB........M.AASSM.R...M.R..P.....P..
5 4 1 BB..........RAASS.R..PM....PM.......
5 4 1 BB....R.....RAASS....PM....PM.......
5 4 1 BB...........AASS....PM.R..PM.R.....
6 4 2 BB...........AA.M.R..PM.R..PM.......
6 4 2 BB..........AA.SS.R..PM.R..PM.......
6 4 2 BB..........RAA.M.R...M....PM....P..
6 4 2 BB....R.....RAA.M.....M....PM....P..
6 4 2 BB...........AA.M.....M.R..PM.R..P..
6 4 2 BB..........AA.SS.....M.R..PM.R..P..
5 4 1 BB............AAM.R...M.R..PM....P..
6 4 2 BB...........AAPM.R..PM.R...M.......
6 4 2 BB.......P...AAPM.R...M.R...M.......
6 4 2 BB.P.....P...AA.M.R...M.R...M.......
6 4 2 BB..........AA..M.R...M.R..PM....P..
6 4 2 BB..........AASSM.R...M.R..PM....P..
5 4 1 BB..........RAASS.R..PM....PM.....M.
5 4 1 BB....R.....RAASS....PM....PM.....M.
5 4 1 BB...........AASS....PM.R..PM.R...M.
5 4 1 BB...........AA...R..PM.R..PM.....M.
6 4 2 BB..........AA.SS.R..PM.R..PM.....M.
5 4 1 BB..........RAA...R...M....PM....PM.
5 4 1 BB....R.....RAA.......M....PM....PM.
5 4 1 BB...........AA.......M.R..PM.R..PM.
6 4 2 BB..........AA.SS.....M.R..PM.R..PM.
4 4 0 BB.............AA.R...M.R..PM....PM.
4 4 0 BB..............AAR...M.R..PM....PM.
5 4 1 BB............AA..R...M.R..PM....PM.
6 4 2 BB...........AAP..R..PM.R...M.....M.
6 4 2 BB.......P...AAP..R...M.R...M.....M.
5 4 1 BB.P.....P...AA...R...M.R...M.....M.
5 4 1 BB..........AA....R...M.R..PM....PM.
6 4 2 BB..........AASS..R...M.R..PM....PM.
6 4 2 BB..M.....M.RAA.M.R..P.....P........
6 4 2 BB..M.R...M.RAA.M....P.....P........
6 4 2 BB..M.....M..AA.M....P..R..P..R.....
6 4 2 BB..M.....M.AA.SS....P..R..P..R.....
5 4 1 BB..M.....M...AAM.R..P..R..P........
6 4 2 BB..M.....M.AA..M.R..P..R..P........
6 4 2 BB..M.....M.AASSM.R..P..R..P........
5 4 1 BB..M.....M.R.AAM.R........P.....P..
6 4 2 BB..M.....M.RAAPM.R..P..............
6 4 2 BB..M....PM.RAAPM.R.................
6 4 2 BB.PM....PM.RAA.M.R.................
5 4 1 BB..M.R...M.R.AAM..........P.....P..
6 4 2 BB..M.R...M.RAAPM....P..............
6 4 2 BB..M.R..PM.RAAPM...................
6 4 2 BB.PM.R..PM.RAA.M...................
5 4 1 BB..M.....M...AAM.......R..P..R..P..
6 4 2 BB..M.....M..AAPM....P..R.....R.....
6 4 2 BB..M....PM..AAPM.......R.....R.....
6 4 2 BB.PM....PM..AA.M.......R.....R.....
6 4 2 BB..M.....M.AA..M.......R..P..R..P..
6 4 2 BB..M.....M.AASSM.......R..P..R..P..
7 4 3 BB..M.....M.AA.PM.R..P..R...........
7 4 3 BB..M....PM.AA.PM.R.....R...........
5 4 1 BB.PM....PM...AAM.R.....R...........
6 4 2 BB.PM....PM.AA..M.R.....R...........
5 4 1 ...BB.....M.RAASS.R..PM....P........
5 4 1 ...BB.R...M.RAASS....PM....P........
5 4 1 R..BB.R...M..AASS....PM....P........
5 4 1 ...BB.....M..AASS....PM.R..P..R.....
6 4 2 ...BB.....M..AA.M.R..PM.R..P........
6 4 2 ...BB.....M.AA.SS.R..PM.R..P........
6 4 2 ...BB.....M.RAA.M.R...M....P.....P..
6 4 2 ...BB.R...M.RAA.M.....M....P.....P..
6 4 2 R..BB.R...M..AASM....PM....P........
6 4 2 R..BB.R...M..AA.M.....M....P.....P..
7 4 3 R..BB.R...M.AA.SM.....M....P.....P..
6 4 2 ...BB.....M..AA.M.....M.R..P..R..P..
6 4 2 ...BB.....M.AA.SS.....M.R..P..R..P..
5 4 1 ...BB.....M...AAM.R...M.R..P.....P..
6 4 2 ...BB.....M..AAPM.R..PM.R...........
6 4 2 ...BB....PM..AAPM.R...M.R...........
6 4 2 ...BB.....M.AA..M.R...M.R..P.....P..
6 4 2 ...BB.....M.AASSM.R...M.R..P.....P..
5 4 1 ....BB....M.RAASS.R..PM....P........
5 4 1 ....BBR...M.RAASS....PM....P........
5 4 1 R...BBR...M..AASS....PM....P........
5 4 1 ....BB....M..AASS....PM.R..P..R.....
6 4 2 ....BB....M..AA.M.R..PM.R..P........
6 4 2 ....BB....M.AA.SS.R..PM.R..P........
6 4 2 ....BB....M.RAA.M.R...M....P.....P..
6 4 2 ....BBR...M.RAA.M.....M....P.....P..
6 4 2 R...BBR...M..AA.M.....M....P.....P..
6 4 2 R...BBR...M.AA.SS.....M....P.....P..
6 4 2 ....BB....M..AA.M.....M.R..P..R..P..
6 4 2 ....BB....M.AA.SS.....M.R..P..R..P..
5 4 1 ....BB....M...AAM.R...M.R..P.....P..
6 4 2 ....BB....M..AAPM.R..PM.R...........
6 4 2 ....BB...PM..AAPM.R...M.R...........
6 4 2 ...PBB...PM..AA.M.R...M.R...........
6 4 2 ....BB....M.AA..M.R...M.R..P.....P..
6 4 2 ....BB....M.AASSM.R...M.R..P.....P..
5 4 1 .BB.........RAASS.R..PM....PM.......
5 4 1 .BB...R.....RAASS....PM....PM.......
5 4 1 .BB..........AASS....PM.R..PM.R.....
5 4 1 .BB...R...M.RAASS....PM....P........
5 4 1 .BB.......M..AASS....PM.R..P..R.....
6 4 2 .BB.......M.RAA.M.R..PM....P........
5 4 1 .BB.......M.RAASS.R..PM....P........
6 4 2 .BB...R...M.RAA.M....PM....P........
6 4 2 R...BBR...M..AASM....PM....P........
6 4 2 RBB...R...M..AA.M....PM....P........
7 4 3 RBB...R...M.AA.SM....PM....P........
6 4 2 .BB.......M..AA.M....PM.R..P..R.....
6 4 2 .BB.......M.AA.SS....PM.R..P..R.....
5 4 1 .BB.......M...AAM.R..PM.R..P........
6 4 2 .BB.......M.AA..M.R..PM.R..P........
6 4 2 .BB.......M.AASSM.R..PM.R..P........
5 4 1 .BB.......M.R.AAM.R...M....P.....P..
6 4 2 .BB.......M.RAAPM.R..PM.............
6 4 2 .BB......PM.RAAPM.R...M.............
6 4 2 .BBP.....PM.RAA.M.R...M.............
5 4 1 .BB...R...M.R.AAM.....M....P.....P..
6 4 2 .BB...R...M.RAAPM....PM.............
6 4 2 .BB...R..PM.RAAPM.....M.............
6 4 2 .BBP..R..PM.RAA.M.....M.............
5 4 1 RBB...R...M...AAM.....M....P.....P..
6 4 2 RBB...R...M..AAPM....PM.............
6 4 2 RBB...R..PM..AAPM.....M.............
6 4 2 RBBP..R..PM..AA.M.....M.............
6 4 2 RBB...R...M.AA..M.....M....P.....P..
6 4 2 R..BB.R...M.AA.SS.....M....P.....P..
6 4 2 RBB...R...M.AA.SS....PM....P........
6 4 2 RBB...R...M.AASSM.....M....P.....P..
5 4 1 .BB.......M...AAM.....M.R..P..R..P..
6 4 2 .BB.......M..AAPM....PM.R.....R.....
6 4 2 .BB......PM..AAPM.....M.R.....R.....
6 4 2 .BBP.....PM..AA.M.....M.R.....R.....
6 4 2 .BB.......M.AA..M.....M.R..P..R..P..
6 4 2 .BB.......M.AASSM.....M.R..P..R..P..
7 4 3 .BB.......M.AA.PM.R..PM.R...........
7 4 3 .BB......PM.AA.PM.R...M.R...........
5 4 1 .BBP.....PM...AAM.R...M.R...........
6 4 2 .BBP.....PM.AA..M.R...M.R...........
5 4 1 ...BB.......RAASS.R..PM....PM.......
5 4 1 ...BB.R.....RAASS....PM....PM.......
5 4 1 R..BB.R......AASS....PM....PM.......
5 4 1 ...BB........AASS....PM.R..PM.R.....
6 4 2 ...BB........AA.M.R..PM.R..PM.......
6 4 2 ...BB.......AA.SS.R..PM.R..PM.......
6 4 2 ...BB.......RAA.M.R...M....PM....P..
6 4 2 ...BB.R.....RAA.M.....M....PM....P..
6 4 2 R..BB.R......AASM....PM....PM.......
6 4 2 R..BB.R......AA.M.....M....PM....P..
7 4 3 R..BB.R.....AA.SM.....M....PM....P..
6 4 2 ...BB........AA.M.....M.R..PM.R..P..
6 4 2 ...BB.......AA.SS.....M.R..PM.R..P..
5 4 1 ...BB.........AAM.R...M.R..PM....P..
6 4 2 ...BB........AAPM.R..PM.R...M.......
6 4 2 ...BB....P...AAPM.R...M.R...M.......
6 4 2 ...BB.......AA..M.R...M.R..PM....P..
6 4 2 ...BB.......AASSM.R...M.R..PM....P..
5 4 1 ....BB......RAASS.R..PM....PM.......
5 4 1 ....BBR.....RAASS....PM....PM.......
5 4 1 R...BBR......AASS....PM....PM.......
5 4 1 ....BB.......AASS....PM.R..PM.R.....
6 4 2 ....BB.......AA.M.R..PM.R..PM.......
6 4 2 ....BB......AA.SS.R..PM.R..PM.......
6 4 2 ....BB......RAA.M.R...M....PM....P..
6 4 2 ....BBR.....RAA.M.....M....PM....P..
6 4 2 R...BBR......AA.M.....M....PM....P..
6 4 2 R...BBR.....AA.SS.....M....PM....P..
6 4 2 ....BB.......AA.M.....M.R..PM.R..P..
6 4 2 ....BB......AA.SS.....M.R..PM.R..P..
5 4 1 ....BB........AAM.R...M.R..PM....P..
6 4 2 ....BB.......AAPM.R..PM.R...M.......
6 4 2 ....BB...P...AAPM.R...M.R...M.......
6 4 2 ...PBB...P...AA.M.R...M.R...M.......
6 4 2 ....BB......AA..M.R...M.R..PM....P..
6 4 2 ....BB......AASSM.R...M.R..PM....P..
6 4 2 .BB.........RAA.M.R..PM....PM.......
6 4 2 .BB...R.....RAA.M....PM....PM.......
6 4 2 R...BBR......AASM....PM....PM.......
6 4 2 RBB...R......AA.M....PM....PM.......
7 4 3 RBB...R.....AA.SM....PM....PM.......
6 4 2 .BB..........AA.M....PM.R..PM.R.....
6 4 2 .BB.........AA.SS....PM.R..PM.R.....
5 4 1 .BB...........AAM.R..PM.R..PM.......
6 4 2 .BB.........AA..M.R..PM.R..PM.......
6 4 2 .BB.........AASSM.R..PM.R..PM.......
5 4 1 .BB.........R.AAM.R...M....PM....P..
6 4 2 .BB.........RAAPM.R..PM.....M.......
6 4 2 .BB......P..RAAPM.R...M.....M.......
6 4 2 .BBP.....P..RAA.M.R...M.....M.......
5 4 1 .BB...R.....R.AAM.....M....PM....P..
6 4 2 .BB...R.....RAAPM....PM.....M.......
6 4 2 .BB...R..P..RAAPM.....M.....M.......
6 4 2 .BBP..R..P..RAA.M.....M.....M.......
5 4 1 RBB...R.......AAM.....M....PM....P..
6 4 2 RBB...R......AAPM....PM.....M.......
6 4 2 RBB...R..P...AAPM.....M.....M.......
6 4 2 RBBP..R..P...AA.M.....M.....M.......
6 4 2 RBB...R.....AA..M.....M....PM....P..
6 4 2 R..BB.R.....AA.SS.....M....PM....P..
6 4 2 RBB...R.....AA.SS....PM....PM.......
6 4 2 RBB...R.....AASSM.....M....PM....P..
5 4 1 .BB...........AAM.....M.R..PM.R..P..
6 4 2 .BB..........AAPM....PM.R...M.R.....
6 4 2 .BB......P...AAPM.....M.R...M.R.....
6 4 2 .BBP.....P...AA.M.....M.R...M.R.....
6 4 2 .BB.........AA..M.....M.R..PM.R..P..
6 4 2 .BB.........AASSM.....M.R..PM.R..P..
7 4 3 .BB.........AA.PM.R..PM.R...M.......
7 4 3 .BB......P..AA.PM.R...M.R...M.......
5 4 1 .BBP.....P....AAM.R...M.R...M.......
6 4 2 .BBP.....P..AA..M.R...M.R...M.......
5 4 1 ...BB.......RAASS.R..PM....PM.....M.
5 4 1 ...BB.R.....RAASS....PM....PM.....M.
5 4 1 R..BB.R......AASS....PM....PM.....M.
5 4 1 ...BB........AASS....PM.R..PM.R...M.
5 4 1 ...BB........AA...R..PM.R..PM.....M.
6 4 2 ...BB.......AA.SS.R..PM.R..PM.....M.
5 4 1 ...BB.......RAA...R...M....PM....PM.
5 4 1 ...BB.R.....RAA.......M....PM....PM.
5 4 1 R..BB.R......AA.......M....PM....PM.
6 4 2 R..BB.R.....AA.SS.....M....PM....PM.
5 4 1 ...BB........AA.......M.R..PM.R..PM.
6 4 2 ...BB.......AA.SS.....M.R..PM.R..PM.
4 4 0 ...BB..........AA.R...M.R..PM....PM.
4 4 0 ...BB...........AAR...M.R..PM....PM.
5 4 1 ...BB.........AA..R...M.R..PM....PM.
6 4 2 ...BB........AAP..R..PM.R...M.....M.
6 4 2 ...BB....P...AAP..R...M.R...M.....M.
5 4 1 ...BB.......AA....R...M.R..PM....PM.
6 4 2 ...BB.......AASS..R...M.R..PM....PM.
5 4 1 ....BB......RAASS.R..PM....PM.....M.
5 4 1 ....BBR.....RAASS....PM....PM.....M.
5 4 1 R...BBR......AASS....PM....PM.....M.
5 4 1 ....BB.......AASS....PM.R..PM.R...M.
5 4 1 ....BB.......AA...R..PM.R..PM.....M.
6 4 2 ....BB......AA.SS.R..PM.R..PM.....M.
5 4 1 ....BB......RAA...R...M....PM....PM.
5 4 1 ....BBR.....RAA.......M....PM....PM.
5 4 1 R...BBR......AA.......M....PM....PM.
6 4 2 R...BBR.....AA.SS.....M....PM....PM.
5 4 1 ....BB.......AA.......M.R..PM.R..PM.
6 4 2 ....BB......AA.SS.....M.R..PM.R..PM.
4 4 0 ....BB.........AA.R...M.R..PM....PM.
4 4 0 ....BB..........AAR...M.R..PM....PM.
5 4 1 ....BB........AA..R...M.R..PM....PM.
6 4 2 ....BB.......AAP..R..PM.R...M.....M.
6 4 2 ....BB...P...AAP..R...M.R...M.....M.
5 4 1 ...PBB...P...AA...R...M.R...M.....M.
5 4 1 ....BB......AA....R...M.R..PM....PM.
6 4 2 ....BB......AASS..R...M.R..PM....PM.
5 4 1 .BB.........RAA...R..PM....PM.....M.
5 4 1 .BB...R.....RAA......PM....PM.....M.
5 4 1 RBB...R......AA......PM....PM.....M.
6 4 2 RBB...R.....AA.SS....PM....PM.....M.
5 4 1 .BB..........AA......PM.R..PM.R...M.
6 4 2 .BB.........AA.SS....PM.R..PM.R...M.
4 4 0 .BB............AA.R..PM.R..PM.....M.
4 4 0 .BB.............AAR..PM.R..PM.....M.
5 4 1 .BB...........AA..R..PM.R..PM.....M.
5 4 1 .BB.........AA....R..PM.R..PM.....M.
6 4 2 .BB.........AASS..R..PM.R..PM.....M.
4 4 0 .BB.........R..AA.R...M....PM....PM.
4 4 0 .BB.........R...AAR...M....PM....PM.
5 4 1 .BB.........R.AA..R...M....PM....PM.
6 4 2 .BB.........RAAP..R..PM.....M.....M.
6 4 2 .BB......P..RAAP..R...M.....M.....M.
5 4 1 .BBP.....P..RAA...R...M.....M.....M.
4 4 0 .BB...R.....R..AA.....M....PM....PM.
4 4 0 .BB...R.....R...AA....M....PM....PM.
5 4 1 .BB...R.....R.AA......M....PM....PM.
6 4 2 .BB...R.....RAAP.....PM.....M.....M.
6 4 2 .BB...R..P..RAAP......M.....M.....M.
5 4 1 .BBP..R..P..RAA.......M.....M.....M.
4 4 0 RBB...R........AA.....M....PM....PM.
4 4 0 RBB...R.........AA....M....PM....PM.
5 4 1 RBB...R.......AA......M....PM....PM.
6 4 2 RBB...R......AAP.....PM.....M.....M.
6 4 2 RBB...R..P...AAP......M.....M.....M.
5 4 1 RBBP..R..P...AA.......M.....M.....M.
5 4 1 RBB...R.....AA........M....PM....PM.
6 4 2 RBB...R.....AASS......M....PM....PM.
4 4 0 .BB............AA.....M.R..PM.R..PM.
4 4 0 .BB.............AA....M.R..PM.R..PM.
5 4 1 .BB...........AA......M.R..PM.R..PM.
6 4 2 .BB..........AAP.....PM.R...M.R...M.
6 4 2 .BB......P...AAP......M.R...M.R...M.
5 4 1 .BBP.....P...AA.......M.R...M.R...M.
5 4 1 .BB.........AA........M.R..PM.R..PM.
6 4 2 .BB.........AASS......M.R..PM.R..PM.
6 4 2 .BB.........AA.P..R..PM.R...M.....M.
6 4 2 .BB......P..AA.P..R...M.R...M.....M.
4 4 0 .BBP.....P.....AA.R...M.R...M.....M.
4 4 0 .BBP.....P......AAR...M.R...M.....M.
5 4 1 .BBP.....P....AA..R...M.R...M.....M.
5 4 1 .BBP.....P..AA....R...M.R...M.....M.
5 4 1 .BB.M.....M.R.AAM.R..P.....P........
5 4 1 .BB.M.R...M.R.AAM....P.....P........
5 4 1 RBB.M.R...M...AAM....P.....P........
6 4 2 RBB.M.R...M.AA..M....P.....P........
6 4 2 RBB.M.R...M.AASSM....P.....P........
5 4 1 .BB.M.....M...AAM....P..R..P..R.....
6 4 2 .BB.M.....M.AA..M....P..R..P..R.....
6 4 2 .BB.M.....M.AASSM....P..R..P..R.....
7 4 3 .BB.M.....M.AA.SM.R..P..R..P........
5 4 1 .BBPM....PM.R.AAM.R.................
5 4 1 .BBPM.R..PM.R.AAM...................
7 4 3 RBB.M.R...M.AA.PM....P..............
7 4 3 RBB.M.R..PM.AA.PM...................
5 4 1 RBBPM.R..PM...AAM...................
6 4 2 RBBPM.R..PM.AA..M...................
7 4 3 .BB.M.....M.AA.PM....P..R.....R.....
7 4 3 .BB.M....PM.AA.PM.......R.....R.....
5 4 1 .BBPM....PM...AAM.......R.....R.....
6 4 2 .BBPM....PM.AA..M.......R.....R.....
7 5 2 BB........M.RAASM.R..PM....P........
7 5 2 BB....R...M.RAASM....PM....P........
7 5 2 BB........M..AASM....PM.R..P..R.....
8 5 3 BB........M.AA.SM.R..PM.R..P........
8 5 3 BB........M.AA.SM.....M.R..P..R..P..
7 5 2 BB..........RAASM.R..PM....PM.......
7 5 2 BB....R.....RAASM....PM....PM.......
7 5 2 BB...........AASM....PM.R..PM.R.....
8 5 3 BB..........AA.SM.R..PM.R..PM.......
8 5 3 BB..M.....M.AA.SM....P..R..P..R.....
7 5 2 ...BB.....M.RAASM.R..PM....P........
7 5 2 ...BB.R...M.RAASM....PM....P........
7 5 2 ...BB.....M..AASM....PM.R..P..R.....
8 5 3 ...BB.....M.AA.SM.R..PM.R..P........
8 5 3 ...BB.....M.AA.SM.....M.R..P..R..P..
7 5 2 ....BB....M.RAASM.R..PM....P........
7 5 2 ....BBR...M.RAASM....PM....P........
7 5 2 ....BB....M..AASM....PM.R..P..R.....
8 5 3 ....BB....M.AA.SM.R..PM.R..P........
8 5 3 R...BBR...M.AA.SM.....M....P.....P..
8 5 3 ....BB....M.AA.SM.....M.R..P..R..P..
7 5 2 ..BB..R.....RAASM....PM....PM.......
7 5 2 ..BB.........AASM....PM.R..PM.R.....
8 5 3 ..BB........AA.SM.R..PM.R..PM.......
8 5 3 R.BB..R.....AA.SM.....M....PM....P..
8 5 3 ..BB........AA.SM.....M.R..PM.R..P..
7 5 2 ..BB..R...M.RAASM....PM....P........
7 5 2 ..BB......M..AASM....PM.R..P..R.....
7 5 2 ..BB......M.RAA.M.R..PM....P........
7 5 2 ..BB..R...M.RAA.M....PM....P........
7 5 2 R.BB..R...M..AA.M....PM....P........
7 5 2 R.BB..R...M.AA.SS....PM....P........
7 5 2 ..BB......M..AA.M....PM.R..P..R.....
8 5 3 ..BB......M.AA.SM....PM.R..P..R.....
6 5 1 ..BB......M...AAM.R..PM.R..P........
7 5 2 ..BB......M.AA..M.R..PM.R..P........
7 5 2 ..BB......M.AA.SS....PM.R..P..R.....
7 5 2 ..BB......M.AASSM.R..PM.R..P........
8 5 3 R.BB..R...M.AA.SM.....M....P.....P..
8 5 3 ..BB......M.AA.SM.....M.R..P..R..P..
6 5 1 ..BB......M.R.AAM.R...M....P.....P..
7 5 2 ..BB......M.RAAPM.R..PM.............
7 5 2 ..BB.....PM.RAAPM.R...M.............
6 5 1 ..BB..R...M.R.AAM.....M....P.....P..
7 5 2 ..BB..R...M.RAAPM....PM.............
7 5 2 ..BB..R..PM.RAAPM.....M.............
6 5 1 R.BB..R...M...AAM.....M....P.....P..
7 5 2 R.BB..R...M..AAPM....PM.............
7 5 2 R.BB..R..PM..AAPM.....M.............
7 5 2 R.BB..R...M.AA..M.....M....P.....P..
7 5 2 R.BB..R...M.AASSM.....M....P.....P..
6 5 1 ..BB......M...AAM.....M.R..P..R..P..
7 5 2 ..BB......M..AAPM....PM.R.....R.....
7 5 2 ..BB.....PM..AAPM.....M.R.....R.....
7 5 2 ..BB......M.AA..M.....M.R..P..R..P..
7 5 2 ..BB......M.AASSM.....M.R..P..R..P..
8 5 3 ..BB......M.AA.PM.R..PM.R...........
8 5 3 ..BB.....PM.AA.PM.R...M.R...........
7 5 2 ...BB.......RAASM.R..PM....PM.......
7 5 2 ...BB.R.....RAASM....PM....PM.......
7 5 2 ...BB........AASM....PM.R..PM.R.....
8 5 3 ...BB.......AA.SM.R..PM.R..PM.......
8 5 3 ...BB.......AA.SM.....M.R..PM.R..P..
7 5 2 ....BB......RAASM.R..PM....PM.......
7 5 2 ....BBR.....RAASM....PM....PM.......
7 5 2 ....BB.......AASM....PM.R..PM.R.....
8 5 3 ....BB......AA.SM.R..PM.R..PM.......
8 5 3 R...BBR.....AA.SM.....M....PM....P..
8 5 3 ....BB......AA.SM.....M.R..PM.R..P..
8 5 3 ..BB......M.AA.SM.R..PM.R..P........
7 5 2 ..BB........RAA.M.R..PM....PM.......
7 5 2 ..BB..R.....RAA.M....PM....PM.......
7 5 2 R.BB..R......AA.M....PM....PM.......
7 5 2 R.BB..R.....AA.SS....PM....PM.......
7 5 2 ..BB.........AA.M....PM.R..PM.R.....
8 5 3 ..BB........AA.SM....PM.R..PM.R.....
6 5 1 ..BB..........AAM.R..PM.R..PM.......
7 5 2 ..BB........AA..M.R..PM.R..PM.......
7 5 2 ..BB........AA.SS....PM.R..PM.R.....
7 5 2 ..BB........AASSM.R..PM.R..PM.......
6 5 1 ..BB........R.AAM.R...M....PM....P..
7 5 2 ..BB........RAAPM.R..PM.....M.......
7 5 2 ..BB.....P..RAAPM.R...M.....M.......
6 5 1 ..BB..R.....R.AAM.....M....PM....P..
7 5 2 ..BB..R.....RAAPM....PM.....M.......
7 5 2 ..BB..R..P..RAAPM.....M.....M.......
6 5 1 R.BB..R.......AAM.....M....PM....P..
7 5 2 R.BB..R......AAPM....PM.....M.......
7 5 2 R.BB..R..P...AAPM.....M.....M.......
7 5 2 R.BB..R.....AA..M.....M....PM....P..
7 5 2 R.BB..R.....AASSM.....M....PM....P..
6 5 1 ..BB..........AAM.....M.R..PM.R..P..
7 5 2 ..BB.........AAPM....PM.R...M.R.....
7 5 2 ..BB.....P...AAPM.....M.R...M.R.....
7 5 2 ..BB........AA..M.....M.R..PM.R..P..
7 5 2 ..BB........AASSM.....M.R..PM.R..P..
8 5 3 ..BB........AA.PM.R..PM.R...M.......
8 5 3 ..BB.....P..AA.PM.R...M.R...M.......
6 5 1 ..BB........RAA...R..PM....PM.....M.
6 5 1 ..BB..R.....RAA......PM....PM.....M.
6 5 1 R.BB..R......AA......PM....PM.....M.
7 5 2 R.BB..R.....AA.SS....PM....PM.....M.
6 5 1 ..BB.........AA......PM.R..PM.R...M.
7 5 2 ..BB........AA.SS....PM.R..PM.R...M.
5 5 0 ..BB...........AA.R..PM.R..PM.....M.
5 5 0 ..BB............AAR..PM.R..PM.....M.
6 5 1 ..BB..........AA..R..PM.R..PM.....M.
6 5 1 ..BB........AA....R..PM.R..PM.....M.
7 5 2 ..BB........AASS..R..PM.R..PM.....M.
5 5 0 ..BB........R..AA.R...M....PM....PM.
5 5 0 ..BB........R...AAR...M....PM....PM.
6 5 1 ..BB........R.AA..R...M....PM....PM.
7 5 2 ..BB........RAAP..R..PM.....M.....M.
7 5 2 ..BB.....P..RAAP..R...M.....M.....M.
5 5 0 ..BB..R.....R..AA.....M....PM....PM.
5 5 0 ..BB..R.....R...AA....M....PM....PM.
6 5 1 ..BB..R.....R.AA......M....PM....PM.
7 5 2 ..BB..R.....RAAP.....PM.....M.....M.
7 5 2 ..BB..R..P..RAAP......M.....M.....M.
5 5 0 R.BB..R........AA.....M....PM....PM.
5 5 0 R.BB..R.........AA....M....PM....PM.
6 5 1 R.BB..R.......AA......M....PM....PM.
7 5 2 R.BB..R......AAP.....PM.....M.....M.
7 5 2 R.BB..R..P...AAP......M.....M.....M.
6 5 1 R.BB..R.....AA........M....PM....PM.
7 5 2 R.BB..R.....AASS......M....PM....PM.
5 5 0 ..BB...........AA.....M.R..PM.R..PM.
5 5 0 ..BB............AA....M.R..PM.R..PM.
6 5 1 ..BB..........AA......M.R..PM.R..PM.
7 5 2 ..BB.........AAP.....PM.R...M.R...M.
7 5 2 ..BB.....P...AAP......M.R...M.R...M.
6 5 1 ..BB........AA........M.R..PM.R..PM.
7 5 2 ..BB........AASS......M.R..PM.R..PM.
7 5 2 ..BB........AA.P..R..PM.R...M.....M.
7 5 2 ..BB.....P..AA.P..R...M.R...M.....M.
8 5 3 ..BBM.....M.AA.SM....P..R..P..R.....
6 5 1 ..BBM.....M.R.AAM.R..P.....P........
6 5 1 ..BBM.R...M.R.AAM....P.....P........
6 5 1 R.BBM.R...M...AAM....P.....P........
7 5 2 R.BBM.R...M.AA..M....P.....P........
7 5 2 R.BBM.R...M.AASSM....P.....P........
6 5 1 ..BBM.....M...AAM....P..R..P..R.....
7 5 2 ..BBM.....M.AA..M....P..R..P..R.....
7 5 2 ..BBM.....M.AASSM....P..R..P..R.....
8 5 3 R.BBM.R...M.AA.PM....P..............
8 5 3 R.BBM.R..PM.AA.PM...................
8 5 3 ..BBM.....M.AA.PM....P..R.....R.....
8 5 3 ..BBM....PM.AA.PM.......R.....R.....
7 5 2 BB........M.RAA.M.R..PM....P........
7 5 2 BB....R...M.RAA.M....PM....P........
7 5 2 BB........M..AA.M....PM.R..P..R.....
8 5 3 BB........M.AA.SM....PM.R..P..R.....
6 5 1 BB........M...AAM.R..PM.R..P........
7 5 2 BB........M.AA..M.R..PM.R..P........
7 5 2 BB........M.AA.SS....PM.R..P..R.....
7 5 2 BB........M.AASSM.R..PM.R..P........
6 5 1 BB........M.R.AAM.R...M....P.....P..
7 5 2 BB........M.RAAPM.R..PM.............
7 5 2 BB.......PM.RAAPM.R...M.............
7 5 2 BB.P.....PM.RAA.M.R...M.............
6 5 1 BB....R...M.R.AAM.....M....P.....P..
7 5 2 BB....R...M.RAAPM....PM.............
7 5 2 BB....R..PM.RAAPM.....M.............
7 5 2 BB.P..R..PM.RAA.M.....M.............
6 5 1 BB........M...AAM.....M.R..P..R..P..
7 5 2 BB........M..AAPM....PM.R.....R.....
7 5 2 BB.......PM..AAPM.....M.R.....R.....
7 5 2 BB.P.....PM..AA.M.....M.R.....R.....
7 5 2 BB........M.AA..M.....M.R..P..R..P..
7 5 2 BB........M.AASSM.....M.R..P..R..P..
8 5 3 BB........M.AA.PM.R..PM.R...........
8 5 3 BB.......PM.AA.PM.R...M.R...........
6 5 1 BB.P.....PM...AAM.R...M.R...........
7 5 2 BB.P.....PM.AA..M.R...M.R...........
7 5 2 BB..........RAA.M.R..PM....PM.......
7 5 2 BB....R.....RAA.M....PM....PM.......
7 5 2 BB...........AA.M....PM.R..PM.R.....
7 5 2 BB..........AA.SS....PM.R..PM.R.....
6 5 1 BB............AAM.R..PM.R..PM.......
7 5 2 BB..........AA..M.R..PM.R..PM.......
7 5 2 BB..........AASSM.R..PM.R..PM.......
6 5 1 BB..........R.AAM.R...M....PM....P..
7 5 2 BB..........RAAPM.R..PM.....M.......
7 5 2 BB.......P..RAAPM.R...M.....M.......
7 5 2 BB.P.....P..RAA.M.R...M.....M.......
6 5 1 BB....R.....R.AAM.....M....PM....P..
7 5 2 BB....R.....RAAPM....PM.....M.......
7 5 2 BB....R..P..RAAPM.....M.....M.......
7 5 2 BB.P..R..P..RAA.M.....M.....M.......
6 5 1 BB............AAM.....M.R..PM.R..P..
7 5 2 BB...........AAPM....PM.R...M.R.....
7 5 2 BB.......P...AAPM.....M.R...M.R.....
7 5 2 BB.P.....P...AA.M.....M.R...M.R.....
7 5 2 BB..........AA..M.....M.R..PM.R..P..
8 5 3 BB..........AA.SM....PM.R..PM.R.....
7 5 2 BB..........AASSM.....M.R..PM.R..P..
8 5 3 BB..........AA.PM.R..PM.R...M.......
8 5 3 BB.......P..AA.PM.R...M.R...M.......
6 5 1 BB.P.....P....AAM.R...M.R...M.......
7 5 2 BB.P.....P..AA..M.R...M.R...M.......
6 5 1 BB..........RAA...R..PM....PM.....M.
6 5 1 BB....R.....RAA......PM....PM.....M.
6 5 1 BB...........AA......PM.R..PM.R...M.
7 5 2 BB..........AA.SS....PM.R..PM.R...M.
5 5 0 BB.............AA.R..PM.R..PM.....M.
5 5 0 BB..............AAR..PM.R..PM.....M.
6 5 1 BB............AA..R..PM.R..PM.....M.
6 5 1 BB..........AA....R..PM.R..PM.....M.
7 5 2 BB..........AASS..R..PM.R..PM.....M.
5 5 0 BB..........R..AA.R...M....PM....PM.
5 5 0 BB..........R...AAR...M....PM....PM.
6 5 1 BB..........R.AA..R...M....PM....PM.
7 5 2 BB..........RAAP..R..PM.....M.....M.
7 5 2 BB.......P..RAAP..R...M.....M.....M.
6 5 1 BB.P.....P..RAA...R...M.....M.....M.
5 5 0 BB....R.....R..AA.....M....PM....PM.
5 5 0 BB....R.....R...AA....M....PM....PM.
6 5 1 BB....R.....R.AA......M....PM....PM.
7 5 2 BB....R.....RAAP.....PM.....M.....M.
7 5 2 BB....R..P..RAAP......M.....M.....M.
6 5 1 BB.P..R..P..RAA.......M.....M.....M.
5 5 0 BB.............AA.....M.R..PM.R..PM.
5 5 0 BB..............AA....M.R..PM.R..PM.
6 5 1 BB............AA......M.R..PM.R..PM.
7 5 2 BB...........AAP.....PM.R...M.R...M.
7 5 2 BB.......P...AAP......M.R...M.R...M.
6 5 1 BB.P.....P...AA.......M.R...M.R...M.
6 5 1 BB..........AA........M.R..PM.R..PM.
7 5 2 BB..........AASS......M.R..PM.R..PM.
7 5 2 BB..........AA.P..R..PM.R...M.....M.
7 5 2 BB.......P..AA.P..R...M.R...M.....M.
5 5 0 BB.P.....P.....AA.R...M.R...M.....M.
5 5 0 BB.P.....P......AAR...M.R...M.....M.
6 5 1 BB.P.....P....AA..R...M.R...M.....M.
6 5 1 BB.P.....P..AA....R...M.R...M.....M.
6 5 1 BB..M.....M.R.AAM.R..P.....P........
6 5 1 BB..M.R...M.R.AAM....P.....P........
6 5 1 BB..M.....M...AAM....P..R..P..R.....
7 5 2 BB..M.....M.AA..M....P..R..P..R.....
7 5 2 BB..M.....M.AASSM....P..R..P..R.....
6 5 1 BB.PM....PM.R.AAM.R.................
6 5 1 BB.PM.R..PM.R.AAM...................
8 5 3 BB..M.....M.AA.PM....P..R.....R.....
8 5 3 BB..M....PM.AA.PM.......R.....R.....
6 5 1 BB.PM....PM...AAM.......R.....R.....
7 5 2 BB.PM....PM.AA..M.......R.....R.....
7 5 2 ...BB.....M.RAA.M.R..PM....P........
7 5 2 ...BB.R...M.RAA.M....PM....P........
7 5 2 R..BB.R...M..AA.M....PM....P........
7 5 2 R..BB.R...M.AA.SS....PM....P........
7 5 2 ...BB.....M..AA.M....PM.R..P..R.....
8 5 3 ...BB.....M.AA.SM....PM.R..P..R.....
6 5 1 ...BB.....M...AAM.R..PM.R..P........
7 5 2 ...BB.....M.AA..M.R..PM.R..P........
7 5 2 ...BB.....M.AA.SS....PM.R..P..R.....
7 5 2 ...BB.....M.AASSM.R..PM.R..P........
6 5 1 ...BB.....M.R.AAM.R...M....P.....P..
7 5 2 ...BB.....M.RAAPM.R..PM.............
7 5 2 ...BB....PM.RAAPM.R...M.............
6 5 1 ...BB.R...M.R.AAM.....M....P.....P..
7 5 2 ...BB.R...M.RAAPM....PM.............
7 5 2 ...BB.R..PM.RAAPM.....M.............
6 5 1 R..BB.R...M...AAM.....M....P.....P..
7 5 2 R..BB.R...M..AAPM....PM.............
7 5 2 R..BB.R..PM..AAPM.....M.............
7 5 2 R..BB.R...M.AA..M.....M....P.....P..
7 5 2 R..BB.R...M.AASSM.....M....P.....P..
6 5 1 ...BB.....M...AAM.....M.R..P..R..P..
7 5 2 ...BB.....M..AAPM....PM.R.....R.....
7 5 2 ...BB....PM..AAPM.....M.R.....R.....
7 5 2 ...BB.....M.AA..M.....M.R..P..R..P..
7 5 2 ...BB.....M.AASSM.....M.R..P..R..P..
8 5 3 ...BB.....M.AA.PM.R..PM.R...........
8 5 3 ...BB....PM.AA.PM.R...M.R...........
7 5 2 ....BB....M.RAA.M.R..PM....P........
7 5 2 ....BBR...M.RAA.M....PM....P........
7 5 2 R...BBR...M..AA.M....PM....P........
7 5 2 R...BBR...M.AA.SS....PM....P........
7 5 2 ....BB....M..AA.M....PM.R..P..R.....
8 5 3 ....BB....M.AA.SM....PM.R..P..R.....
6 5 1 ....BB....M...AAM.R..PM.R..P........
7 5 2 ....BB....M.AA..M.R..PM.R..P........
7 5 2 ....BB....M.AA.SS....PM.R..P..R.....
7 5 2 ....BB....M.AASSM.R..PM.R..P........
6 5 1 ....BB....M.R.AAM.R...M....P.....P..
7 5 2 ....BB....M.RAAPM.R..PM.............
7 5 2 ....BB...PM.RAAPM.R...M.............
7 5 2 ...PBB...PM.RAA.M.R...M.............
6 5 1 ....BBR...M.R.AAM.....M....P.....P..
7 5 2 ....BBR...M.RAAPM....PM.............
7 5 2 ....BBR..PM.RAAPM.....M.............
7 5 2 ...PBBR..PM.RAA.M.....M.............
6 5 1 R...BBR...M...AAM.....M....P.....P..
7 5 2 R...BBR...M..AAPM....PM.............
7 5 2 R...BBR..PM..AAPM.....M.............
7 5 2 R..PBBR..PM..AA.M.....M.............
7 5 2 R...BBR...M.AA..M.....M....P.....P..
7 5 2 R...BBR...M.AASSM.....M....P.....P..
6 5 1 ....BB....M...AAM.....M.R..P..R..P..
7 5 2 ....BB....M..AAPM....PM.R.....R.....
7 5 2 ....BB...PM..AAPM.....M.R.....R.....
7 5 2 ...PBB...PM..AA.M.....M.R.....R.....
7 5 2 ....BB....M.AA..M.....M.R..P..R..P..
7 5 2 ....BB....M.AASSM.....M.R..P..R..P..
8 5 3 ....BB....M.AA.PM.R..PM.R...........
8 5 3 ....BB...PM.AA.PM.R...M.R...........
6 5 1 ...PBB...PM...AAM.R...M.R...........
7 5 2 ...PBB...PM.AA..M.R...M.R...........
8 5 3 .BB.........AA.SM....PM.R..PM.R.....
8 5 3 .BB.......M.AA.SM....PM.R..P..R.....
6 5 1 .BB.......M.R.AAM.R..PM....P........
6 5 1 .BB...R...M.R.AAM....PM....P........
6 5 1 RBB...R...M...AAM....PM....P........
7 5 2 RBB...R...M.AA..M....PM....P........
7 5 2 RBB...R...M.AASSM....PM....P........
6 5 1 .BB.......M...AAM....PM.R..P..R.....
7 5 2 .BB.......M.AA..M....PM.R..P..R.....
7 5 2 .BB.......M.AASSM....PM.R..P..R.....
6 5 1 .BBP.....PM.R.AAM.R...M.............
6 5 1 .BBP..R..PM.R.AAM.....M.............
8 5 3 RBB...R...M.AA.PM....PM.............
8 5 3 RBB...R..PM.AA.PM.....M.............
6 5 1 RBBP..R..PM...AAM.....M.............
7 5 2 RBBP..R..PM.AA..M.....M.............
8 5 3 .BB.......M.AA.PM....PM.R.....R.....
8 5 3 .BB......PM.AA.PM.....M.R.....R.....
6 5 1 .BBP.....PM...AAM.....M.R.....R.....
7 5 2 .BBP.....PM.AA..M.....M.R.....R.....
7 5 2 ...BB.......RAA.M.R..PM....PM.......
7 5 2 ...BB.R.....RAA.M....PM....PM.......
7 5 2 R..BB.R......AA.M....PM....PM.......
7 5 2 R..BB.R.....AA.SS....PM....PM.......
7 5 2 ...BB........AA.M....PM.R..PM.R.....
8 5 3 ...BB.......AA.SM....PM.R..PM.R.....
6 5 1 ...BB.........AAM.R..PM.R..PM.......
7 5 2 ...BB.......AA..M.R..PM.R..PM.......
7 5 2 ...BB.......AA.SS....PM.R..PM.R.....
7 5 2 ...BB.......AASSM.R..PM.R..PM.......
6 5 1 ...BB.......R.AAM.R...M....PM....P..
7 5 2 ...BB.......RAAPM.R..PM.....M.......
7 5 2 ...BB....P..RAAPM.R...M.....M.......
6 5 1 ...BB.R.....R.AAM.....M....PM....P..
7 5 2 ...BB.R.....RAAPM....PM.....M.......
7 5 2 ...BB.R..P..RAAPM.....M.....M.......
6 5 1 R..BB.R.......AAM.....M....PM....P..
7 5 2 R..BB.R......AAPM....PM.....M.......
7 5 2 R..BB.R..P...AAPM.....M.....M.......
7 5 2 R..BB.R.....AA..M.....M....PM....P..
7 5 2 R..BB.R.....AASSM.....M....PM....P..
6 5 1 ...BB.........AAM.....M.R..PM.R..P..
7 5 2 ...BB........AAPM....PM.R...M.R.....
7 5 2 ...BB....P...AAPM.....M.R...M.R.....
7 5 2 ...BB.......AA..M.....M.R..PM.R..P..
7 5 2 ...BB.......AASSM.....M.R..PM.R..P..
8 5 3 ...BB.......AA.PM.R..PM.R...M.......
8 5 3 ...BB....P..AA.PM.R...M.R...M.......
7 5 2 ....BB......RAA.M.R..PM....PM.......
7 5 2 ....BBR.....RAA.M....PM....PM.......
7 5 2 R...BBR......AA.M....PM....PM.......
7 5 2 R...BBR.....AA.SS....PM....PM.......
7 5 2 ....BB.......AA.M....PM.R..PM.R.....
8 5 3 ....BB......AA.SM....PM.R..PM.R.....
6 5 1 ....BB........AAM.R..PM.R..PM.......
7 5 2 ....BB......AA..M.R..PM.R..PM.......
7 5 2 ....BB......AA.SS....PM.R..PM.R.....
7 5 2 ....BB......AASSM.R..PM.R..PM.......
6 5 1 ....BB......R.AAM.R...M....PM....P..
7 5 2 ....BB......RAAPM.R..PM.....M.......
7 5 2 ....BB...P..RAAPM.R...M.....M.......
7 5 2 ...PBB...P..RAA.M.R...M.....M.......
6 5 1 ....BBR.....R.AAM.....M....PM....P..
7 5 2 ....BBR.....RAAPM....PM.....M.......
7 5 2 ....BBR..P..RAAPM.....M.....M.......
7 5 2 ...PBBR..P..RAA.M.....M.....M.......
6 5 1 R...BBR.......AAM.....M....PM....P..
7 5 2 R...BBR......AAPM....PM.....M.......
7 5 2 R...BBR..P...AAPM.....M.....M.......
7 5 2 R..PBBR..P...AA.M.....M.....M.......
7 5 2 R...BBR.....AA..M.....M....PM....P..
7 5 2 R...BBR.....AASSM.....M....PM....P..
6 5 1 ....BB........AAM.....M.R..PM.R..P..
7 5 2 ....BB.......AAPM....PM.R...M.R.....
7 5 2 ....BB...P...AAPM.....M.R...M.R.....
7 5 2 ...PBB...P...AA.M.....M.R...M.R.....
7 5 2 ....BB......AA..M.....M.R..PM.R..P..
7 5 2 ....BB......AASSM.....M.R..PM.R..P..
8 5 3 ....BB......AA.PM.R..PM.R...M.......
8 5 3 ....BB...P..AA.PM.R...M.R...M.......
6 5 1 ...PBB...P....AAM.R...M.R...M.......
7 5 2 ...PBB...P..AA..M.R...M.R...M.......
6 5 1 .BB.........R.AAM.R..PM....PM.......
6 5 1 .BB...R.....R.AAM....PM....PM.......
6 5 1 RBB...R.......AAM....PM....PM.......
7 5 2 RBB...R.....AA..M....PM....PM.......
7 5 2 RBB...R.....AASSM....PM....PM.......
6 5 1 .BB...........AAM....PM.R..PM.R.....
7 5 2 .BB.........AA..M....PM.R..PM.R.....
7 5 2 .BB.........AASSM....PM.R..PM.R.....
6 5 1 .BBP.....P..R.AAM.R...M.....M.......
6 5 1 .BBP..R..P..R.AAM.....M.....M.......
8 5 3 RBB...R.....AA.PM....PM.....M.......
8 5 3 RBB...R..P..AA.PM.....M.....M.......
6 5 1 RBBP..R..P....AAM.....M.....M.......
7 5 2 RBBP..R..P..AA..M.....M.....M.......
8 5 3 .BB.........AA.PM....PM.R...M.R.....
8 5 3 .BB......P..AA.PM.....M.R...M.R.....
6 5 1 .BBP.....P....AAM.....M.R...M.R.....
7 5 2 .BBP.....P..AA..M.....M.R...M.R.....
6 5 1 ...BB.......RAA...R..PM....PM.....M.
6 5 1 ...BB.R.....RAA......PM....PM.....M.
6 5 1 R..BB.R......AA......PM....PM.....M.
7 5 2 R..BB.R.....AA.SS....PM....PM.....M.
6 5 1 ...BB........AA......PM.R..PM.R...M.
7 5 2 ...BB.......AA.SS....PM.R..PM.R...M.
5 5 0 ...BB..........AA.R..PM.R..PM.....M.
5 5 0 ...BB...........AAR..PM.R..PM.....M.
6 5 1 ...BB.........AA..R..PM.R..PM.....M.
6 5 1 ...BB.......AA....R..PM.R..PM.....M.
7 5 2 ...BB.......AASS..R..PM.R..PM.....M.
5 5 0 ...BB.......R..AA.R...M....PM....PM.
5 5 0 ...BB.......R...AAR...M....PM....PM.
6 5 1 ...BB.......R.AA..R...M....PM....PM.
7 5 2 ...BB.......RAAP..R..PM.....M.....M.
7 5 2 ...BB....P..RAAP..R...M.....M.....M.
5 5 0 ...BB.R.....R..AA.....M....PM....PM.
5 5 0 ...BB.R.....R...AA....M....PM....PM.
6 5 1 ...BB.R.....R.AA......M....PM....PM.
7 5 2 ...BB.R.....RAAP.....PM.....M.....M.
7 5 2 ...BB.R..P..RAAP......M.....M.....M.
5 5 0 R..BB.R........AA.....M....PM....PM.
5 5 0 R..BB.R.........AA....M....PM....PM.
6 5 1 R..BB.R.......AA......M....PM....PM.
7 5 2 R..BB.R......AAP.....PM.....M.....M.
7 5 2 R..BB.R..P...AAP......M.....M.....M.
6 5 1 R..BB.R.....AA........M....PM....PM.
7 5 2 R..BB.R.....AASS......M....PM....PM.
5 5 0 ...BB..........AA.....M.R..PM.R..PM.
5 5 0 ...BB...........AA....M.R..PM.R..PM.
6 5 1 ...BB.........AA......M.R..PM.R..PM.
7 5 2 ...BB........AAP.....PM.R...M.R...M.
7 5 2 ...BB....P...AAP......M.R...M.R...M.
6 5 1 ...BB.......AA........M.R..PM.R..PM.
7 5 2 ...BB.......AASS......M.R..PM.R..PM.
7 5 2 ...BB.......AA.P..R..PM.R...M.....M.
7 5 2 ...BB....P..AA.P..R...M.R...M.....M.
6 5 1 ....BB......RAA...R..PM....PM.....M.
6 5 1 ....BBR.....RAA......PM....PM.....M.
6 5 1 R...BBR......AA......PM....PM.....M.
7 5 2 R...BBR.....AA.SS....PM....PM.....M.
6 5 1 ....BB.......AA......PM.R..PM.R...M.
7 5 2 ....BB......AA.SS....PM.R..PM.R...M.
5 5 0 ....BB.........AA.R..PM.R..PM.....M.
5 5 0 ....BB..........AAR..PM.R..PM.....M.
6 5 1 ....BB........AA..R..PM.R..PM.....M.
6 5 1 ....BB......AA....R..PM.R..PM.....M.
7 5 2 ....BB......AASS..R..PM.R..PM.....M.
5 5 0 ....BB......R..AA.R...M....PM....PM.
5 5 0 ....BB......R...AAR...M....PM....PM.
6 5 1 ....BB......R.AA..R...M....PM....PM.
7 5 2 ....BB......RAAP..R..PM.....M.....M.
7 5 2 ....BB...P..RAAP..R...M.....M.....M.
6 5 1 ...PBB...P..RAA...R...M.....M.....M.
5 5 0 ....BBR.....R..AA.....M....PM....PM.
5 5 0 ....BBR.....R...AA....M....PM....PM.
6 5 1 ....BBR.....R.AA......M....PM....PM.
7 5 2 ....BBR.....RAAP.....PM.....M.....M.
7 5 2 ....BBR..P..RAAP......M.....M.....M.
6 5 1 ...PBBR..P..RAA.......M.....M.....M.
5 5 0 R...BBR........AA.....M....PM....PM.
5 5 0 R...BBR.........AA....M....PM....PM.
6 5 1 R...BBR.......AA......M....PM....PM.
7 5 2 R...BBR......AAP.....PM.....M.....M.
7 5 2 R...BBR..P...AAP......M.....M.....M.
6 5 1 R..PBBR..P...AA.......M.....M.....M.
6 5 1 R...BBR.....AA........M....PM....PM.
7 5 2 R...BBR.....AASS......M....PM....PM.
5 5 0 ....BB.........AA.....M.R..PM.R..PM.
5 5 0 ....BB..........AA....M.R..PM.R..PM.
6 5 1 ....BB........AA......M.R..PM.R..PM.
7 5 2 ....BB.......AAP.....PM.R...M.R...M.
7 5 2 ....BB...P...AAP......M.R...M.R...M.
6 5 1 ...PBB...P...AA.......M.R...M.R...M.
6 5 1 ....BB......AA........M.R..PM.R..PM.
7 5 2 ....BB......AASS......M.R..PM.R..PM.
7 5 2 ....BB......AA.P..R..PM.R...M.....M.
7 5 2 ....BB...P..AA.P..R...M.R...M.....M.
5 5 0 ...PBB...P.....AA.R...M.R...M.....M.
5 5 0 ...PBB...P......AAR...M.R...M.....M.
6 5 1 ...PBB...P....AA..R...M.R...M.....M.
6 5 1 ...PBB...P..AA....R...M.R...M.....M.
5 5 0 .BB.........R..AA.R..PM....PM.....M.
5 5 0 .BB.........R...AAR..PM....PM.....M.
6 5 1 .BB.........R.AA..R..PM....PM.....M.
5 5 0 .BB...R.....R..AA....PM....PM.....M.
5 5 0 .BB...R.....R...AA...PM....PM.....M.
6 5 1 .BB...R.....R.AA.....PM....PM.....M.
5 5 0 RBB...R........AA....PM....PM.....M.
5 5 0 RBB...R.........AA...PM....PM.....M.
6 5 1 RBB...R.......AA.....PM....PM.....M.
6 5 1 RBB...R.....AA.......PM....PM.....M.
7 5 2 RBB...R.....AASS.....PM....PM.....M.
5 5 0 .BB............AA....PM.R..PM.R...M.
5 5 0 .BB.............AA...PM.R..PM.R...M.
6 5 1 .BB...........AA.....PM.R..PM.R...M.
6 5 1 .BB.........AA.......PM.R..PM.R...M.
7 5 2 .BB.........AASS.....PM.R..PM.R...M.
5 5 0 .BBP.....P..R..AA.R...M.....M.....M.
5 5 0 .BBP.....P..R...AAR...M.....M.....M.
6 5 1 .BBP.....P..R.AA..R...M.....M.....M.
5 5 0 .BBP..R..P..R..AA.....M.....M.....M.
5 5 0 .BBP..R..P..R...AA....M.....M.....M.
6 5 1 .BBP..R..P..R.AA......M.....M.....M.
7 5 2 RBB...R.....AA.P.....PM.....M.....M.
7 5 2 RBB...R..P..AA.P......M.....M.....M.
5 5 0 RBBP..R..P.....AA.....M.....M.....M.
5 5 0 RBBP..R..P......AA....M.....M.....M.
6 5 1 RBBP..R..P....AA......M.....M.....M.
6 5 1 RBBP..R..P..AA........M.....M.....M.
7 5 2 .BB.........AA.P.....PM.R...M.R...M.
7 5 2 .BB......P..AA.P......M.R...M.R...M.
5 5 0 .BBP.....P.....AA.....M.R...M.R...M.
5 5 0 .BBP.....P......AA....M.R...M.R...M.
6 5 1 .BBP.....P....AA......M.R...M.R...M.
6 5 1 .BBP.....P..AA........M.R...M.R...M.
7 6 1 ..BB......M.R.AAM.R..PM....P........
7 6 1 ..BB..R...M.R.AAM....PM....P........
7 6 1 R.BB..R...M...AAM....PM....P........
8 6 2 R.BB..R...M.AA..M....PM....P........
8 6 2 R.BB..R...M.AASSM....PM....P........
7 6 1 ..BB......M...AAM....PM.R..P..R.....
8 6 2 ..BB......M.AA..M....PM.R..P..R.....
8 6 2 ..BB......M.AASSM....PM.R..P..R.....
9 6 3 R.BB..R...M.AA.PM....PM.............
9 6 3 R.BB..R..PM.AA.PM.....M.............
9 6 3 ..BB......M.AA.PM....PM.R.....R.....
9 6 3 ..BB.....PM.AA.PM.....M.R.....R.....
7 6 1 ..BB........R.AAM.R..PM....PM.......
7 6 1 ..BB..R.....R.AAM....PM....PM.......
7 6 1 R.BB..R.......AAM....PM....PM.......
8 6 2 R.BB..R.....AA..M....PM....PM.......
8 6 2 R.BB..R.....AASSM....PM....PM.......
7 6 1 ..BB..........AAM....PM.R..PM.R.....
8 6 2 ..BB........AA..M....PM.R..PM.R.....
8 6 2 ..BB........AASSM....PM.R..PM.R.....
9 6 3 R.BB..R.....AA.PM....PM.....M.......
9 6 3 R.BB..R..P..AA.PM.....M.....M.......
9 6 3 ..BB........AA.PM....PM.R...M.R.....
9 6 3 ..BB.....P..AA.PM.....M.R...M.R.....
6 6 0 ..BB........R..AA.R..PM....PM.....M.
6 6 0 ..BB........R...AAR..PM....PM.....M.
7 6 1 ..BB........R.AA..R..PM....PM.....M.
6 6 0 ..BB..R.....R..AA....PM....PM.....M.
6 6 0 ..BB..R.....R...AA...PM....PM.....M.
7 6 1 ..BB..R.....R.AA.....PM....PM.....M.
6 6 0 R.BB..R........AA....PM....PM.....M.
6 6 0 R.BB..R.........AA...PM....PM.....M.
7 6 1 R.BB..R.......AA.....PM....PM.....M.
7 6 1 R.BB..R.....AA.......PM....PM.....M.
8 6 2 R.BB..R.....AASS.....PM....PM.....M.
6 6 0 ..BB...........AA....PM.R..PM.R...M.
6 6 0 ..BB............AA...PM.R..PM.R...M.
7 6 1 ..BB..........AA.....PM.R..PM.R...M.
7 6 1 ..BB........AA.......PM.R..PM.R...M.
8 6 2 ..BB........AASS.....PM.R..PM.R...M.
8 6 2 R.BB..R.....AA.P.....PM.....M.....M.
8 6 2 R.BB..R..P..AA.P......M.....M.....M.
8 6 2 ..BB........AA.P.....PM.R...M.R...M.
8 6 2 ..BB.....P..AA.P......M.R...M.R...M.
7 6 1 BB........M.R.AAM.R..PM....P........
7 6 1 BB....R...M.R.AAM....PM....P........
7 6 1 BB........M...AAM....PM.R..P..R.....
8 6 2 BB........M.AA..M....PM.R..P..R.....
8 6 2 BB........M.AASSM....PM.R..P..R.....
7 6 1 BB.P.....PM.R.AAM.R...M.............
7 6 1 BB.P..R..PM.R.AAM.....M.............
9 6 3 BB........M.AA.PM....PM.R.....R.....
9 6 3 BB.......PM.AA.PM.....M.R.....R.....
7 6 1 BB.P.....PM...AAM.....M.R.....R.....
8 6 2 BB.P.....PM.AA..M.....M.R.....R.....
7 6 1 BB..........R.AAM.R..PM....PM.......
7 6 1 BB....R.....R.AAM....PM....PM.......
7 6 1 BB............AAM....PM.R..PM.R.....
8 6 2 BB..........AA..M....PM.R..PM.R.....
8 6 2 BB..........AASSM....PM.R..PM.R.....
7 6 1 BB.P.....P..R.AAM.R...M.....M.......
7 6 1 BB.P..R..P..R.AAM.....M.....M.......
9 6 3 BB..........AA.PM....PM.R...M.R.....
9 6 3 BB.......P..AA.PM.....M.R...M.R.....
7 6 1 BB.P.....P....AAM.....M.R...M.R.....
8 6 2 BB.P.....P..AA..M.....M.R...M.R.....
6 6 0 BB..........R..AA.R..PM....PM.....M.
6 6 0 BB..........R...AAR..PM....PM.....M.
7 6 1 BB..........R.AA..R..PM....PM.....M.
6 6 0 BB....R.....R..AA....PM....PM.....M.
6 6 0 BB....R.....R...AA...PM....PM.....M.
7 6 1 BB....R.....R.AA.....PM....PM.....M.
6 6 0 BB.............AA....PM.R..PM.R...M.
6 6 0 BB..............AA...PM.R..PM.R...M.
7 6 1 BB............AA.....PM.R..PM.R...M.
7 6 1 BB..........AA.......PM.R..PM.R...M.
8 6 2 BB..........AASS.....PM.R..PM.R...M.
6 6 0 BB.P.....P..R..AA.R...M.....M.....M.
6 6 0 BB.P.....P..R...AAR...M.....M.....M.
7 6 1 BB.P.....P..R.AA..R...M.....M.....M.
6 6 0 BB.P..R..P..R..AA.....M.....M.....M.
6 6 0 BB.P..R..P..R...AA....M.....M.....M.
7 6 1 BB.P..R..P..R.AA......M.....M.....M.
8 6 2 BB..........AA.P.....PM.R...M.R...M.
8 6 2 BB.......P..AA.P......M.R...M.R...M.
6 6 0 BB.P.....P.....AA.....M.R...M.R...M.
6 6 0 BB.P.....P......AA....M.R...M.R...M.
7 6 1 BB.P.....P....AA......M.R...M.R...M.
7 6 1 BB.P.....P..AA........M.R...M.R...M.
7 6 1 ...BB.....M.R.AAM.R..PM....P........
7 6 1 ...BB.R...M.R.AAM....PM....P........
7 6 1 R..BB.R...M...AAM....PM....P........
8 6 2 R..BB.R...M.AA..M....PM....P........
8 6 2 R..BB.R...M.AASSM....PM....P........
7 6 1 ...BB.....M...AAM....PM.R..P..R.....
8 6 2 ...BB.....M.AA..M....PM.R..P..R.....
8 6 2 ...BB.....M.AASSM....PM.R..P..R.....
9 6 3 R..BB.R...M.AA.PM....PM.............
9 6 3 R..BB.R..PM.AA.PM.....M.............
9 6 3 ...BB.....M.AA.PM....PM.R.....R.....
9 6 3 ...BB....PM.AA.PM.....M.R.....R.....
7 6 1 ....BB....M.R.AAM.R..PM....P........
7 6 1 ....BBR...M.R.AAM....PM....P........
7 6 1 R...BBR...M...AAM....PM....P........
8 6 2 R...BBR...M.AA..M....PM....P........
8 6 2 R...BBR...M.AASSM....PM....P........
7 6 1 ....BB....M...AAM....PM.R..P..R.....
8 6 2 ....BB....M.AA..M....PM.R..P..R.....
8 6 2 ....BB....M.AASSM....PM.R..P..R.....
7 6 1 ...PBB...PM.R.AAM.R...M.............
7 6 1 ...PBBR..PM.R.AAM.....M.............
9 6 3 R...BBR...M.AA.PM....PM.............
9 6 3 R...BBR..PM.AA.PM.....M.............
7 6 1 R..PBBR..PM...AAM.....M.............
8 6 2 R..PBBR..PM.AA..M.....M.............
9 6 3 ....BB....M.AA.PM....PM.R.....R.....
9 6 3 ....BB...PM.AA.PM.....M.R.....R.....
7 6 1 ...PBB...PM...AAM.....M.R.....R.....
8 6 2 ...PBB...PM.AA..M.....M.R.....R.....
7 6 1 ...BB.......R.AAM.R..PM....PM.......
7 6 1 ...BB.R.....R.AAM....PM....PM.......
7 6 1 R..BB.R.......AAM....PM....PM.......
8 6 2 R..BB.R.....AA..M....PM....PM.......
8 6 2 R..BB.R.....AASSM....PM....PM.......
7 6 1 ...BB.........AAM....PM.R..PM.R.....
8 6 2 ...BB.......AA..M....PM.R..PM.R.....
8 6 2 ...BB.......AASSM....PM.R..PM.R.....
9 6 3 R..BB.R.....AA.PM....PM.....M.......
9 6 3 R..BB.R..P..AA.PM.....M.....M.......
9 6 3 ...BB.......AA.PM....PM.R...M.R.....
9 6 3 ...BB....P..AA.PM.....M.R...M.R.....
7 6 1 ....BB......R.AAM.R..PM....PM.......
7 6 1 ....BBR.....R.AAM....PM....PM.......
7 6 1 R...BBR.......AAM....PM....PM.......
8 6 2 R...BBR.....AA..M....PM....PM.......
8 6 2 R...BBR.....AASSM....PM....PM.......
7 6 1 ....BB........AAM....PM.R..PM.R.....
8 6 2 ....BB......AA..M....PM.R..PM.R.....
8 6 2 ....BB......AASSM....PM.R..PM.R.....
7 6 1 ...PBB...P..R.AAM.R...M.....M.......
7 6 1 ...PBBR..P..R.AAM.....M.....M.......
9 6 3 R...BBR.....AA.PM....PM.....M.......
9 6 3 R...BBR..P..AA.PM.....M.....M.......
7 6 1 R..PBBR..P....AAM.....M.....M.......
8 6 2 R..PBBR..P..AA..M.....M.....M.......
9 6 3 ....BB......AA.PM....PM.R...M.R.....
9 6 3 ....BB...P..AA.PM.....M.R...M.R.....
7 6 1 ...PBB...P....AAM.....M.R...M.R.....
8 6 2 ...PBB...P..AA..M.....M.R...M.R.....
6 6 0 ...BB.......R..AA.R..PM....PM.....M.
6 6 0 ...BB.......R...AAR..PM....PM.....M.
7 6 1 ...BB.......R.AA..R..PM....PM.....M.
6 6 0 ...BB.R.....R..AA....PM....PM.....M.
6 6 0 ...BB.R.....R...AA...PM....PM.....M.
7 6 1 ...BB.R.....R.AA.....PM....PM.....M.
6 6 0 R..BB.R........AA....PM....PM.....M.
6 6 0 R..BB.R.........AA...PM....PM.....M.
7 6 1 R..BB.R.......AA.....PM....PM.....M.
7 6 1 R..BB.R.....AA.......PM....PM.....M.
8 6 2 R..BB.R.....AASS.....PM....PM.....M.
6 6 0 ...BB..........AA....PM.R..PM.R...M.
6 6 0 ...BB...........AA...PM.R..PM.R...M.
7 6 1 ...BB.........AA.....PM.R..PM.R...M.
7 6 1 ...BB.......AA.......PM.R..PM.R...M.
8 6 2 ...BB.......AASS.....PM.R..PM.R...M.
8 6 2 R..BB.R.....AA.P.....PM.....M.....M.
8 6 2 R..BB.R..P..AA.P......M.....M.....M.
8 6 2 ...BB.......AA.P.....PM.R...M.R...M.
8 6 2 ...BB....P..AA.P......M.R...M.R...M.
6 6 0 ....BB......R..AA.R..PM....PM.....M.
6 6 0 ....BB......R...AAR..PM....PM.....M.
7 6 1 ....BB......R.AA..R..PM....PM.....M.
6 6 0 ....BBR.....R..AA....PM....PM.....M.
6 6 0 ....BBR.....R...AA...PM....PM.....M.
7 6 1 ....BBR.....R.AA.....PM....PM.....M.
6 6 0 R...BBR........AA....PM....PM.....M.
6 6 0 R...BBR.........AA...PM....PM.....M.
7 6 1 R...BBR.......AA.....PM....PM.....M.
7 6 1 R...BBR.....AA.......PM....PM.....M.
8 6 2 R...BBR.....AASS.....PM....PM.....M.
6 6 0 ....BB.........AA....PM.R..PM.R...M.
6 6 0 ....BB..........AA...PM.R..PM.R...M.
7 6 1 ....BB........AA.....PM.R..PM.R...M.
7 6 1 ....BB......AA.......PM.R..PM.R...M.
8 6 2 ....BB......AASS.....PM.R..PM.R...M.
6 6 0 ...PBB...P..R..AA.R...M.....M.....M.
6 6 0 ...PBB...P..R...AAR...M.....M.....M.
7 6 1 ...PBB...P..R.AA..R...M.....M.....M.
6 6 0 ...PBBR..P..R..AA.....M.....M.....M.
6 6 0 ...PBBR..P..R...AA....M.....M.....M.
7 6 1 ...PBBR..P..R.AA......M.....M.....M.
8 6 2 R...BBR.....AA.P.....PM.....M.....M.
8 6 2 R...BBR..P..AA.P......M.....M.....M.
6 6 0 R..PBBR..P.....AA.....M.....M.....M.
6 6 0 R..PBBR..P......AA....M.....M.....M.
7 6 1 R..PBBR..P....AA......M.....M.....M.
7 6 1 R..PBBR..P..AA........M.....M.....M.
8 6 2 ....BB......AA.P.....PM.R...M.R...M.
8 6 2 ....BB...P..AA.P......M.R...M.R...M.
6 6 0 ...PBB...P.....AA.....M.R...M.R...M.
6 6 0 ...PBB...P......AA....M.R...M.R...M.
7 6 1 ...PBB...P....AA......M.R...M.R...M.
7 6 1 ...PBB...P..AA........M.R...M.R...M.
