2 0 2 .BB.M.....M.AAVVM....R..P..R..P.....
3 1 2 ..BBM.....M.AAVVM....R..P..R..P.....
3 1 2 BB..M.....M.AAVVM....R..P..R..P.....
3 1 2 .BB.......M.AAVVM....RM.P..R..P.....
3 1 2 .BB.........AAVVM....RM.P..RM.P.....
3 1 2 .BB.........AAVV.....RM.P..RM.P...M.
3 1 2 .BB.M.....M.AAVVM.P..R..P..R........
3 1 2 .BB.M.....M.AAVVM.......P..R..P..R..
4 2 2 ..BB......M.AAVVM....RM.P..R..P.....
4 2 2 ..BB........AAVVM....RM.P..RM.P.....
4 2 2 ..BB........AAVV.....RM.P..RM.P...M.
4 2 2 ..BBM.....M.AAVVM.P..R..P..R........
4 2 2 ..BBM.....M.AAVVM.......P..R..P..R..
4 2 2 BB........M.AAVVM....RM.P..R..P.....
4 2 2 BB..........AAVVM....RM.P..RM.P.....
4 2 2 BB..........AAVV.....RM.P..RM.P...M.
4 2 2 BB..M.....M.AAVVM.P..R..P..R........
4 2 2 BB..M.....M.AAVVM.......P..R..P..R..
4 2 2 ...BB.....M.AAVVM....RM.P..R..P.....
4 2 2 ....BB....M.AAVVM....RM.P..R..P.....
4 2 2 .BB.......M.AAVVM.P..RM.P..R........
4 2 2 .BB.......M.AAVVM.....M.P..R..P..R..
4 2 2 ...BB.......AAVVM....RM.P..RM.P.....
4 2 2 ....BB......AAVVM....RM.P..RM.P.....
4 2 2 .BB.........AAVVM.P..RM.P..RM.......
4 2 2 .BB.........AAVVM.....M.P..RM.P..R..
4 2 2 ...BB.......AAVV.....RM.P..RM.P...M.
4 2 2 ....BB......AAVV.....RM.P..RM.P...M.
4 2 2 .BB.........AAVV..P..RM.P..RM.....M.
4 2 2 .BB.........AAVV......M.P..RM.P..RM.
3 2 1 .BB.........AA.......RM.P..RM.P...M.
4 2 2 .BB.M.....M.AAVVM.P.....P..R.....R..
5 3 2 ..BB......M.AAVVM.P..RM.P..R........
5 3 2 ..BB......M.AAVVM.....M.P..R..P..R..
5 3 2 ..BB........AAVVM.P..RM.P..RM.......
5 3 2 ..BB........AAVVM.....M.P..RM.P..R..
5 3 2 ..BB........AAVV..P..RM.P..RM.....M.
5 3 2 ..BB........AAVV......M.P..RM.P..RM.
4 3 1 ..BB........AA.......RM.P..RM.P...M.
5 3 2 ..BBM.....M.AAVVM.P.....P..R.....R..
5 3 2 BB........M.AAVVM.P..RM.P..R........
5 3 2 BB........M.AAVVM.....M.P..R..P..R..
5 3 2 BB..........AAVVM.P..RM.P..RM.......
5 3 2 BB..........AAVVM.....M.P..RM.P..R..
5 3 2 BB..........AAVV..P..RM.P..RM.....M.
5 3 2 BB..........AAVV......M.P..RM.P..RM.
4 3 1 BB..........AA.......RM.P..RM.P...M.
5 3 2 BB..M.....M.AAVVM.P.....P..R.....R..
5 3 2 ...BB.....M.AAVVM.P..RM.P..R........
5 3 2 ...BB.....M.AAVVM.....M.P..R..P..R..
5 3 2 ....BB....M.AAVVM.P..RM.P..R........
5 3 2 ....BB....M.AAVVM.....M.P..R..P..R..
5 3 2 .BB.......M.AAVVM.P...M.P..R.....R..
5 3 2 ...BB.......AAVVM.P..RM.P..RM.......
5 3 2 ...BB.......AAVVM.....M.P..RM.P..R..
5 3 2 ....BB......AAVVM.P..RM.P..RM.......
5 3 2 ....BB......AAVVM.....M.P..RM.P..R..
5 3 2 .BB.........AAVVM.P...M.P..RM....R..
5 3 2 ...BB.......AAVV..P..RM.P..RM.....M.
5 3 2 ...BB.......AAVV......M.P..RM.P..RM.
4 3 1 ...BB.......AA.......RM.P..RM.P...M.
5 3 2 ....BB......AAVV..P..RM.P..RM.....M.
5 3 2 ....BB......AAVV......M.P..RM.P..RM.
4 3 1 ....BB......AA.......RM.P..RM.P...M.
5 3 2 .BB.........AAVV..P...M.P..RM....RM.
4 3 1 .BB.........AA....P..RM.P..RM.....M.
4 3 1 .BB.........AA........M.P..RM.P..RM.
3 3 0 .BB............AA....RM.P..RM.P...M.
3 3 0 .BB.............AA...RM.P..RM.P...M.
4 3 1 .BB...........AA.....RM.P..RM.P...M.
4 3 1 .BB..........AA......RM.P..RM.P...M.
5 3 2 .BB.........AA..M....RM.P..RM.P.....
5 3 2 .BB.......M.AA..M....RM.P..R..P.....
5 3 2 .BB.M.....M.AA..M....R..P..R..P.....
5 3 2 .BB.........AA.R.....RM.P...M.P...M.
5 3 2 .BB......R..AA.R......M.P...M.P...M.
4 3 1 .BBR.....R..AA........M.P...M.P...M.
6 4 2 ..BB......M.AAVVM.P...M.P..R.....R..
6 4 2 ..BB........AAVVM.P...M.P..RM....R..
6 4 2 ..BB........AAVV..P...M.P..RM....RM.
5 4 1 ..BB........AA....P..RM.P..RM.....M.
5 4 1 ..BB........AA........M.P..RM.P..RM.
4 4 0 ..BB...........AA....RM.P..RM.P...M.
4 4 0 ..BB............AA...RM.P..RM.P...M.
5 4 1 ..BB..........AA.....RM.P..RM.P...M.
5 4 1 ..BB.........AA......RM.P..RM.P...M.
6 4 2 ..BB........AA..M....RM.P..RM.P.....
6 4 2 ..BB......M.AA..M....RM.P..R..P.....
6 4 2 ..BBM.....M.AA..M....R..P..R..P.....
6 4 2 ..BB........AA.R.....RM.P...M.P...M.
6 4 2 ..BB.....R..AA.R......M.P...M.P...M.
6 4 2 BB........M.AAVVM.P...M.P..R.....R..
6 4 2 BB..........AAVVM.P...M.P..RM....R..
6 4 2 BB..........AAVV..P...M.P..RM....RM.
5 4 1 BB..........AA....P..RM.P..RM.....M.
5 4 1 BB..........AA........M.P..RM.P..RM.
4 4 0 BB.............AA....RM.P..RM.P...M.
4 4 0 BB..............AA...RM.P..RM.P...M.
5 4 1 BB............AA.....RM.P..RM.P...M.
5 4 1 BB...........AA......RM.P..RM.P...M.
6 4 2 BB..........AA..M....RM.P..RM.P.....
6 4 2 BB........M.AA..M....RM.P..R..P.....
6 4 2 BB..M.....M.AA..M....R..P..R..P.....
6 4 2 BB..........AA.R.....RM.P...M.P...M.
6 4 2 BB.......R..AA.R......M.P...M.P...M.
5 4 1 BB.R.....R..AA........M.P...M.P...M.
6 4 2 ...BB.....M.AAVVM.P...M.P..R.....R..
6 4 2 ....BB....M.AAVVM.P...M.P..R.....R..
6 4 2 ...BB.......AAVVM.P...M.P..RM....R..
6 4 2 ....BB......AAVVM.P...M.P..RM....R..
6 4 2 ...BB.......AAVV..P...M.P..RM....RM.
5 4 1 ...BB.......AA....P..RM.P..RM.....M.
5 4 1 ...BB.......AA........M.P..RM.P..RM.
4 4 0 ...BB..........AA....RM.P..RM.P...M.
4 4 0 ...BB...........AA...RM.P..RM.P...M.
5 4 1 ...BB.........AA.....RM.P..RM.P...M.
5 4 1 ...BB........AA......RM.P..RM.P...M.
6 4 2 ...BB.......AA..M....RM.P..RM.P.....
6 4 2 ...BB.....M.AA..M....RM.P..R..P.....
6 4 2 ...BB.......AA.R.....RM.P...M.P...M.
6 4 2 ...BB....R..AA.R......M.P...M.P...M.
6 4 2 ....BB......AAVV..P...M.P..RM....RM.
5 4 1 ....BB......AA....P..RM.P..RM.....M.
5 4 1 ....BB......AA........M.P..RM.P..RM.
4 4 0 ....BB.........AA....RM.P..RM.P...M.
4 4 0 ....BB..........AA...RM.P..RM.P...M.
5 4 1 ....BB........AA.....RM.P..RM.P...M.
5 4 1 ....BB.......AA......RM.P..RM.P...M.
6 4 2 ....BB......AA..M....RM.P..RM.P.....
6 4 2 ....BB....M.AA..M....RM.P..R..P.....
6 4 2 ....BB......AA.R.....RM.P...M.P...M.
6 4 2 ....BB...R..AA.R......M.P...M.P...M.
5 4 1 ...RBB...R..AA........M.P...M.P...M.
5 4 1 .BB.........AA....P...M.P..RM....RM.
4 4 0 .BB............AA.P..RM.P..RM.....M.
4 4 0 .BB.............AAP..RM.P..RM.....M.
5 4 1 .BB...........AA..P..RM.P..RM.....M.
5 4 1 .BB..........AA...P..RM.P..RM.....M.
6 4 2 .BB.........AA..M.P..RM.P..RM.......
6 4 2 .BB.......M.AA..M.P..RM.P..R........
6 4 2 .BB.M.....M.AA..M.P..R..P..R........
6 4 2 .BB.........AA.R..P..RM.P...M.....M.
6 4 2 .BB......R..AA.R..P...M.P...M.....M.
5 4 1 .BBR.....R..AA....P...M.P...M.....M.
4 4 0 .BB............AA.....M.P..RM.P..RM.
4 4 0 .BB.............AA....M.P..RM.P..RM.
5 4 1 .BB...........AA......M.P..RM.P..RM.
5 4 1 .BB..........AA.......M.P..RM.P..RM.
6 4 2 .BB.........AA..M.....M.P..RM.P..R..
6 4 2 .BB.......M.AA..M.....M.P..R..P..R..
6 4 2 .BB.M.....M.AA..M.......P..R..P..R..
4 4 0 .BB.........P..AA.P..RM....RM.....M.
4 4 0 .BB...P.....P..AA....RM....RM.....M.
4 4 0 PBB...P........AA....RM....RM.....M.
5 4 1 .BB...........AAM....RM.P..RM.P.....
5 4 1 .BB.......M...AAM....RM.P..R..P.....
5 4 1 .BB.M.....M...AAM....R..P..R..P.....
5 4 1 .BB.........P.AA..P..RM....RM.....M.
5 4 1 .BB...P.....P.AA.....RM....RM.....M.
5 4 1 PBB...P.......AA.....RM....RM.....M.
6 4 2 .BB..........AA.M....RM.P..RM.P.....
6 4 2 .BB.......M..AA.M....RM.P..R..P.....
6 4 2 .BB.M.....M..AA.M....R..P..R..P.....
5 4 1 .BB.........PAA...P..RM....RM.....M.
5 4 1 .BB...P.....PAA......RM....RM.....M.
5 4 1 PBB...P......AA......RM....RM.....M.
6 4 2 .BB..........AAR.....RM.P...M.P...M.
6 4 2 .BB......R...AAR......M.P...M.P...M.
5 4 1 .BBR.....R...AA.......M.P...M.P...M.
7 4 3 .BB.........AA.RM....RM.P...M.P.....
7 4 3 .BB......R..AA.RM.....M.P...M.P.....
6 4 2 .BBR.....R..AA..M.....M.P...M.P.....
7 4 3 .BB.......M.AA.RM....RM.P.....P.....
7 4 3 .BB......RM.AA.RM.....M.P.....P.....
6 4 2 .BBR.....RM.AA..M.....M.P.....P.....
7 4 3 .BB.M.....M.AA.RM....R..P.....P.....
7 4 3 .BB.M....RM.AA.RM.......P.....P.....
6 4 2 .BBRM....RM.AA..M.......P.....P.....
4 4 0 .BBR.....R.....AA.....M.P...M.P...M.
4 4 0 .BBR.....R......AA....M.P...M.P...M.
5 4 1 .BBR.....R....AA......M.P...M.P...M.
6 5 1 ..BB........AA....P...M.P..RM....RM.
5 5 0 ..BB...........AA.P..RM.P..RM.....M.
5 5 0 ..BB............AAP..RM.P..RM.....M.
6 5 1 ..BB..........AA..P..RM.P..RM.....M.
6 5 1 ..BB.........AA...P..RM.P..RM.....M.
7 5 2 ..BB........AA..M.P..RM.P..RM.......
7 5 2 ..BB......M.AA..M.P..RM.P..R........
7 5 2 ..BBM.....M.AA..M.P..R..P..R........
7 5 2 ..BB........AA.R..P..RM.P...M.....M.
7 5 2 ..BB.....R..AA.R..P...M.P...M.....M.
5 5 0 ..BB...........AA.....M.P..RM.P..RM.
5 5 0 ..BB............AA....M.P..RM.P..RM.
6 5 1 ..BB..........AA......M.P..RM.P..RM.
6 5 1 ..BB.........AA.......M.P..RM.P..RM.
7 5 2 ..BB........AA..M.....M.P..RM.P..R..
7 5 2 ..BB......M.AA..M.....M.P..R..P..R..
7 5 2 ..BBM.....M.AA..M.......P..R..P..R..
5 5 0 ..BB........P..AA.P..RM....RM.....M.
5 5 0 ..BB..P.....P..AA....RM....RM.....M.
5 5 0 P.BB..P........AA....RM....RM.....M.
6 5 1 ..BB..........AAM....RM.P..RM.P.....
6 5 1 ..BB......M...AAM....RM.P..R..P.....
6 5 1 ..BBM.....M...AAM....R..P..R..P.....
6 5 1 ..BB........P.AA..P..RM....RM.....M.
6 5 1 ..BB..P.....P.AA.....RM....RM.....M.
6 5 1 P.BB..P.......AA.....RM....RM.....M.
7 5 2 ..BB.........AA.M....RM.P..RM.P.....
7 5 2 ..BB......M..AA.M....RM.P..R..P.....
7 5 2 ..BBM.....M..AA.M....R..P..R..P.....
6 5 1 ..BB........PAA...P..RM....RM.....M.
6 5 1 ..BB..P.....PAA......RM....RM.....M.
6 5 1 P.BB..P......AA......RM....RM.....M.
7 5 2 ..BB.........AAR.....RM.P...M.P...M.
7 5 2 ..BB.....R...AAR......M.P...M.P...M.
8 5 3 ..BB........AA.RM....RM.P...M.P.....
8 5 3 ..BB.....R..AA.RM.....M.P...M.P.....
8 5 3 ..BB......M.AA.RM....RM.P.....P.....
8 5 3 ..BB.....RM.AA.RM.....M.P.....P.....
8 5 3 ..BBM.....M.AA.RM....R..P.....P.....
8 5 3 ..BBM....RM.AA.RM.......P.....P.....
6 5 1 BB..........AA....P...M.P..RM....RM.
5 5 0 BB.............AA.P..RM.P..RM.....M.
5 5 0 BB..............AAP..RM.P..RM.....M.
6 5 1 BB............AA..P..RM.P..RM.....M.
6 5 1 BB...........AA...P..RM.P..RM.....M.
7 5 2 BB..........AA..M.P..RM.P..RM.......
7 5 2 BB........M.AA..M.P..RM.P..R........
7 5 2 BB..M.....M.AA..M.P..R..P..R........
7 5 2 BB..........AA.R..P..RM.P...M.....M.
7 5 2 BB.......R..AA.R..P...M.P...M.....M.
6 5 1 BB.R.....R..AA....P...M.P...M.....M.
5 5 0 BB.............AA.....M.P..RM.P..RM.
5 5 0 BB..............AA....M.P..RM.P..RM.
6 5 1 BB............AA......M.P..RM.P..RM.
6 5 1 BB...........AA.......M.P..RM.P..RM.
7 5 2 BB..........AA..M.....M.P..RM.P..R..
7 5 2 BB........M.AA..M.....M.P..R..P..R..
7 5 2 BB..M.....M.AA..M.......P..R..P..R..
5 5 0 BB..........P..AA.P..RM....RM.....M.
5 5 0 BB....P.....P..AA....RM....RM.....M.
6 5 1 BB............AAM....RM.P..RM.P.....
6 5 1 BB........M...AAM....RM.P..R..P.....
6 5 1 BB..M.....M...AAM....R..P..R..P.....
6 5 1 BB..........P.AA..P..RM....RM.....M.
6 5 1 BB....P.....P.AA.....RM....RM.....M.
7 5 2 BB...........AA.M....RM.P..RM.P.....
7 5 2 BB........M..AA.M....RM.P..R..P.....
7 5 2 BB..M.....M..AA.M....R..P..R..P.....
6 5 1 BB..........PAA...P..RM....RM.....M.
6 5 1 BB....P.....PAA......RM....RM.....M.
7 5 2 BB...........AAR.....RM.P...M.P...M.
7 5 2 BB.......R...AAR......M.P...M.P...M.
6 5 1 BB.R.....R...AA.......M.P...M.P...M.
8 5 3 BB..........AA.RM....RM.P...M.P.....
8 5 3 BB.......R..AA.RM.....M.P...M.P.....
7 5 2 BB.R.....R..AA..M.....M.P...M.P.....
8 5 3 BB........M.AA.RM....RM.P.....P.....
8 5 3 BB.......RM.AA.RM.....M.P.....P.....
7 5 2 BB.R.....RM.AA..M.....M.P.....P.....
8 5 3 BB..M.....M.AA.RM....R..P.....P.....
8 5 3 BB..M....RM.AA.RM.......P.....P.....
7 5 2 BB.RM....RM.AA..M.......P.....P.....
5 5 0 BB.R.....R.....AA.....M.P...M.P...M.
5 5 0 BB.R.....R......AA....M.P...M.P...M.
6 5 1 BB.R.....R....AA......M.P...M.P...M.
6 5 1 ...BB.......AA....P...M.P..RM....RM.
5 5 0 ...BB..........AA.P..RM.P..RM.....M.
5 5 0 ...BB...........AAP..RM.P..RM.....M.
6 5 1 ...BB.........AA..P..RM.P..RM.....M.
6 5 1 ...BB........AA...P..RM.P..RM.....M.
7 5 2 ...BB.......AA..M.P..RM.P..RM.......
7 5 2 ...BB.....M.AA..M.P..RM.P..R........
7 5 2 ...BB.......AA.R..P..RM.P...M.....M.
7 5 2 ...BB....R..AA.R..P...M.P...M.....M.
5 5 0 ...BB..........AA.....M.P..RM.P..RM.
5 5 0 ...BB...........AA....M.P..RM.P..RM.
6 5 1 ...BB.........AA......M.P..RM.P..RM.
6 5 1 ...BB........AA.......M.P..RM.P..RM.
7 5 2 ...BB.......AA..M.....M.P..RM.P..R..
7 5 2 ...BB.....M.AA..M.....M.P..R..P..R..
5 5 0 ...BB.......P..AA.P..RM....RM.....M.
5 5 0 ...BB.P.....P..AA....RM....RM.....M.
5 5 0 P..BB.P........AA....RM....RM.....M.
6 5 1 ...BB.........AAM....RM.P..RM.P.....
6 5 1 ...BB.....M...AAM....RM.P..R..P.....
6 5 1 ...BB.......P.AA..P..RM....RM.....M.
6 5 1 ...BB.P.....P.AA.....RM....RM.....M.
6 5 1 P..BB.P.......AA.....RM....RM.....M.
7 5 2 ...BB........AA.M....RM.P..RM.P.....
7 5 2 ...BB.....M..AA.M....RM.P..R..P.....
6 5 1 ...BB.......PAA...P..RM....RM.....M.
6 5 1 ...BB.P.....PAA......RM....RM.....M.
6 5 1 P..BB.P......AA......RM....RM.....M.
7 5 2 ...BB........AAR.....RM.P...M.P...M.
7 5 2 ...BB....R...AAR......M.P...M.P...M.
8 5 3 ...BB.......AA.RM....RM.P...M.P.....
8 5 3 ...BB....R..AA.RM.....M.P...M.P.....
8 5 3 ...BB.....M.AA.RM....RM.P.....P.....
8 5 3 ...BB....RM.AA.RM.....M.P.....P.....
6 5 1 ....BB......AA....P...M.P..RM....RM.
5 5 0 ....BB.........AA.P..RM.P..RM.....M.
5 5 0 ....BB..........AAP..RM.P..RM.....M.
6 5 1 ....BB........AA..P..RM.P..RM.....M.
6 5 1 ....BB.......AA...P..RM.P..RM.....M.
7 5 2 ....BB......AA..M.P..RM.P..RM.......
7 5 2 ....BB....M.AA..M.P..RM.P..R........
7 5 2 ....BB......AA.R..P..RM.P...M.....M.
7 5 2 ....BB...R..AA.R..P...M.P...M.....M.
6 5 1 ...RBB...R..AA....P...M.P...M.....M.
5 5 0 ....BB.........AA.....M.P..RM.P..RM.
5 5 0 ....BB..........AA....M.P..RM.P..RM.
6 5 1 ....BB........AA......M.P..RM.P..RM.
6 5 1 ....BB.......AA.......M.P..RM.P..RM.
7 5 2 ....BB......AA..M.....M.P..RM.P..R..
7 5 2 ....BB....M.AA..M.....M.P..R..P..R..
5 5 0 ....BB......P..AA.P..RM....RM.....M.
5 5 0 ....BBP.....P..AA....RM....RM.....M.
5 5 0 P...BBP........AA....RM....RM.....M.
6 5 1 ....BB........AAM....RM.P..RM.P.....
6 5 1 ....BB....M...AAM....RM.P..R..P.....
6 5 1 ....BB......P.AA..P..RM....RM.....M.
6 5 1 ....BBP.....P.AA.....RM....RM.....M.
6 5 1 P...BBP.......AA.....RM....RM.....M.
7 5 2 ....BB.......AA.M....RM.P..RM.P.....
7 5 2 ....BB....M..AA.M....RM.P..R..P.....
6 5 1 ....BB......PAA...P..RM....RM.....M.
6 5 1 ....BBP.....PAA......RM....RM.....M.
6 5 1 P...BBP......AA......RM....RM.....M.
7 5 2 ....BB.......AAR.....RM.P...M.P...M.
7 5 2 ....BB...R...AAR......M.P...M.P...M.
6 5 1 ...RBB...R...AA.......M.P...M.P...M.
8 5 3 ....BB......AA.RM....RM.P...M.P.....
8 5 3 ....BB...R..AA.RM.....M.P...M.P.....
7 5 2 ...RBB...R..AA..M.....M.P...M.P.....
8 5 3 ....BB....M.AA.RM....RM.P.....P.....
8 5 3 ....BB...RM.AA.RM.....M.P.....P.....
7 5 2 ...RBB...RM.AA..M.....M.P.....P.....
5 5 0 ...RBB...R.....AA.....M.P...M.P...M.
5 5 0 ...RBB...R......AA....M.P...M.P...M.
6 5 1 ...RBB...R....AA......M.P...M.P...M.
5 5 0 .BB............AA.P...M.P..RM....RM.
5 5 0 .BB.............AAP...M.P..RM....RM.
6 5 1 .BB...........AA..P...M.P..RM....RM.
6 5 1 .BB..........AA...P...M.P..RM....RM.
7 5 2 .BB.........AA..M.P...M.P..RM....R..
7 5 2 .BB.......M.AA..M.P...M.P..R.....R..
7 5 2 .BB.M.....M.AA..M.P.....P..R.....R..
6 5 1 .BB...........AAM.P..RM.P..RM.......
6 5 1 .BB.......M...AAM.P..RM.P..R........
6 5 1 .BB.M.....M...AAM.P..R..P..R........
7 5 2 .BB..........AA.M.P..RM.P..RM.......
7 5 2 .BB.......M..AA.M.P..RM.P..R........
7 5 2 .BB.M.....M..AA.M.P..R..P..R........
7 5 2 .BB..........AAR..P..RM.P...M.....M.
7 5 2 .BB......R...AAR..P...M.P...M.....M.
6 5 1 .BBR.....R...AA...P...M.P...M.....M.
8 5 3 .BB.........AA.RM.P..RM.P...M.......
8 5 3 .BB......R..AA.RM.P...M.P...M.......
7 5 2 .BBR.....R..AA..M.P...M.P...M.......
8 5 3 .BB.......M.AA.RM.P..RM.P...........
8 5 3 .BB......RM.AA.RM.P...M.P...........
7 5 2 .BBR.....RM.AA..M.P...M.P...........
8 5 3 .BB.M.....M.AA.RM.P..R..P...........
8 5 3 .BB.M....RM.AA.RM.P.....P...........
7 5 2 .BBRM....RM.AA..M.P.....P...........
5 5 0 .BBR.....R.....AA.P...M.P...M.....M.
5 5 0 .BBR.....R......AAP...M.P...M.....M.
6 5 1 .BBR.....R....AA..P...M.P...M.....M.
5 5 0 .BB.........P..AA.P...M....RM....RM.
5 5 0 .BB...P.....P..AA.....M....RM....RM.
5 5 0 PBB...P........AA.....M....RM....RM.
6 5 1 .BB...........AAM.....M.P..RM.P..R..
6 5 1 .BB.......M...AAM.....M.P..R..P..R..
6 5 1 .BB.M.....M...AAM.......P..R..P..R..
6 5 1 .BB.........P.AA..P...M....RM....RM.
6 5 1 .BB...P.....P.AA......M....RM....RM.
6 5 1 PBB...P.......AA......M....RM....RM.
7 5 2 .BB..........AA.M.....M.P..RM.P..R..
7 5 2 .BB.......M..AA.M.....M.P..R..P..R..
7 5 2 .BB.M.....M..AA.M.......P..R..P..R..
6 5 1 .BB.........PAA...P...M....RM....RM.
6 5 1 .BB...P.....PAA.......M....RM....RM.
6 5 1 PBB...P......AA.......M....RM....RM.
5 5 0 .BB.........P...AAP..RM....RM.....M.
5 5 0 .BB...P.....P...AA...RM....RM.....M.
5 5 0 PBB...P.........AA...RM....RM.....M.
6 5 1 PBB...P.....AA.......RM....RM.....M.
6 5 1 .BB.........P.AAM.P..RM....RM.......
6 5 1 .BB...P.....P.AAM....RM....RM.......
6 5 1 PBB...P.......AAM....RM....RM.......
6 5 1 .BB.......M.P.AAM.P..RM....R........
6 5 1 .BB...P...M.P.AAM....RM....R........
6 5 1 PBB...P...M...AAM....RM....R........
6 5 1 .BB.M.....M.P.AAM.P..R.....R........
6 5 1 .BB.M.P...M.P.AAM....R.....R........
6 5 1 PBB.M.P...M...AAM....R.....R........
7 5 2 .BB.........PAA.M.P..RM....RM.......
7 5 2 .BB...P.....PAA.M....RM....RM.......
7 5 2 PBB...P......AA.M....RM....RM.......
7 5 2 .BB..........AARM....RM.P...M.P.....
7 5 2 .BB......R...AARM.....M.P...M.P.....
7 5 2 .BBR.....R...AA.M.....M.P...M.P.....
7 5 2 .BB.......M.PAA.M.P..RM....R........
7 5 2 .BB...P...M.PAA.M....RM....R........
7 5 2 PBB...P...M..AA.M....RM....R........
7 5 2 .BB.......M..AARM....RM.P.....P.....
7 5 2 .BB......RM..AARM.....M.P.....P.....
7 5 2 .BBR.....RM..AA.M.....M.P.....P.....
7 5 2 .BB.M.....M.PAA.M.P..R.....R........
7 5 2 .BB.M.P...M.PAA.M....R.....R........
7 5 2 PBB.M.P...M..AA.M....R.....R........
7 5 2 .BB.M.....M..AARM....R..P.....P.....
7 5 2 .BB.M....RM..AARM.......P.....P.....
7 5 2 .BBRM....RM..AA.M.......P.....P.....
7 5 2 .BB.........PAAR..P..RM.....M.....M.
7 5 2 .BB......R..PAAR..P...M.....M.....M.
6 5 1 .BBR.....R..PAA...P...M.....M.....M.
7 5 2 .BB...P.....PAAR.....RM.....M.....M.
7 5 2 .BB...P..R..PAAR......M.....M.....M.
6 5 1 .BBR..P..R..PAA.......M.....M.....M.
7 5 2 PBB...P......AAR.....RM.....M.....M.
7 5 2 PBB...P..R...AAR......M.....M.....M.
6 5 1 PBBR..P..R...AA.......M.....M.....M.
6 5 1 .BBR.....R....AAM.....M.P...M.P.....
6 5 1 .BBR.....RM...AAM.....M.P.....P.....
6 5 1 .BBRM....RM...AAM.......P.....P.....
5 5 0 .BBR.....R..P..AA.P...M.....M.....M.
5 5 0 .BBR..P..R..P..AA.....M.....M.....M.
5 5 0 PBBR..P..R.....AA.....M.....M.....M.
6 5 1 .BBR.....R..P.AA..P...M.....M.....M.
6 5 1 .BBR..P..R..P.AA......M.....M.....M.
6 5 1 PBBR..P..R....AA......M.....M.....M.
6 6 0 ..BB...........AA.P...M.P..RM....RM.
6 6 0 ..BB............AAP...M.P..RM....RM.
7 6 1 ..BB..........AA..P...M.P..RM....RM.
7 6 1 ..BB.........AA...P...M.P..RM....RM.
8 6 2 ..BB........AA..M.P...M.P..RM....R..
8 6 2 ..BB......M.AA..M.P...M.P..R.....R..
8 6 2 ..BBM.....M.AA..M.P.....P..R.....R..
7 6 1 ..BB..........AAM.P..RM.P..RM.......
7 6 1 ..BB......M...AAM.P..RM.P..R........
7 6 1 ..BBM.....M...AAM.P..R..P..R........
8 6 2 ..BB.........AA.M.P..RM.P..RM.......
8 6 2 ..BB......M..AA.M.P..RM.P..R........
8 6 2 ..BBM.....M..AA.M.P..R..P..R........
8 6 2 ..BB.........AAR..P..RM.P...M.....M.
8 6 2 ..BB.....R...AAR..P...M.P...M.....M.
9 6 3 ..BB........AA.RM.P..RM.P...M.......
9 6 3 ..BB.....R..AA.RM.P...M.P...M.......
9 6 3 ..BB......M.AA.RM.P..RM.P...........
9 6 3 ..BB.....RM.AA.RM.P...M.P...........
9 6 3 ..BBM.....M.AA.RM.P..R..P...........
9 6 3 ..BBM....RM.AA.RM.P.....P...........
6 6 0 ..BB........P..AA.P...M....RM....RM.
6 6 0 ..BB..P.....P..AA.....M....RM....RM.
6 6 0 P.BB..P........AA.....M....RM....RM.
7 6 1 ..BB..........AAM.....M.P..RM.P..R..
7 6 1 ..BB......M...AAM.....M.P..R..P..R..
7 6 1 ..BBM.....M...AAM.......P..R..P..R..
7 6 1 ..BB........P.AA..P...M....RM....RM.
7 6 1 ..BB..P.....P.AA......M....RM....RM.
7 6 1 P.BB..P.......AA......M....RM....RM.
8 6 2 ..BB.........AA.M.....M.P..RM.P..R..
8 6 2 ..BB......M..AA.M.....M.P..R..P..R..
8 6 2 ..BBM.....M..AA.M.......P..R..P..R..
7 6 1 ..BB........PAA...P...M....RM....RM.
7 6 1 ..BB..P.....PAA.......M....RM....RM.
7 6 1 P.BB..P......AA.......M....RM....RM.
6 6 0 ..BB........P...AAP..RM....RM.....M.
6 6 0 ..BB..P.....P...AA...RM....RM.....M.
6 6 0 P.BB..P.........AA...RM....RM.....M.
7 6 1 P.BB..P.....AA.......RM....RM.....M.
7 6 1 ..BB........P.AAM.P..RM....RM.......
7 6 1 ..BB..P.....P.AAM....RM....RM.......
7 6 1 P.BB..P.......AAM....RM....RM.......
7 6 1 ..BB......M.P.AAM.P..RM....R........
7 6 1 ..BB..P...M.P.AAM....RM....R........
7 6 1 P.BB..P...M...AAM....RM....R........
7 6 1 ..BBM.....M.P.AAM.P..R.....R........
7 6 1 ..BBM.P...M.P.AAM....R.....R........
7 6 1 P.BBM.P...M...AAM....R.....R........
8 6 2 ..BB........PAA.M.P..RM....RM.......
8 6 2 ..BB..P.....PAA.M....RM....RM.......
8 6 2 P.BB..P......AA.M....RM....RM.......
8 6 2 ..BB.........AARM....RM.P...M.P.....
8 6 2 ..BB.....R...AARM.....M.P...M.P.....
8 6 2 ..BB......M.PAA.M.P..RM....R........
8 6 2 ..BB..P...M.PAA.M....RM....R........
8 6 2 P.BB..P...M..AA.M....RM....R........
8 6 2 ..BB......M..AARM....RM.P.....P.....
8 6 2 ..BB.....RM..AARM.....M.P.....P.....
8 6 2 ..BBM.....M.PAA.M.P..R.....R........
8 6 2 ..BBM.P...M.PAA.M....R.....R........
8 6 2 P.BBM.P...M..AA.M....R.....R........
8 6 2 ..BBM.....M..AARM....R..P.....P.....
8 6 2 ..BBM....RM..AARM.......P.....P.....
8 6 2 ..BB........PAAR..P..RM.....M.....M.
8 6 2 ..BB.....R..PAAR..P...M.....M.....M.
8 6 2 ..BB..P.....PAAR.....RM.....M.....M.
8 6 2 ..BB..P..R..PAAR......M.....M.....M.
8 6 2 P.BB..P......AAR.....RM.....M.....M.
8 6 2 P.BB..P..R...AAR......M.....M.....M.
6 6 0 BB.............AA.P...M.P..RM....RM.
6 6 0 BB..............AAP...M.P..RM....RM.
7 6 1 BB............AA..P...M.P..RM....RM.
7 6 1 BB...........AA...P...M.P..RM....RM.
8 6 2 BB..........AA..M.P...M.P..RM....R..
8 6 2 BB........M.AA..M.P...M.P..R.....R..
8 6 2 BB..M.....M.AA..M.P.....P..R.....R..
7 6 1 BB............AAM.P..RM.P..RM.......
7 6 1 BB........M...AAM.P..RM.P..R........
7 6 1 BB..M.....M...AAM.P..R..P..R........
8 6 2 BB...........AA.M.P..RM.P..RM.......
8 6 2 BB........M..AA.M.P..RM.P..R........
8 6 2 BB..M.....M..AA.M.P..R..P..R........
8 6 2 BB...........AAR..P..RM.P...M.....M.
8 6 2 BB.......R...AAR..P...M.P...M.....M.
7 6 1 BB.R.....R...AA...P...M.P...M.....M.
9 6 3 BB..........AA.RM.P..RM.P...M.......
9 6 3 BB.......R..AA.RM.P...M.P...M.......
8 6 2 BB.R.....R..AA..M.P...M.P...M.......
9 6 3 BB........M.AA.RM.P..RM.P...........
9 6 3 BB.......RM.AA.RM.P...M.P...........
8 6 2 BB.R.....RM.AA..M.P...M.P...........
9 6 3 BB..M.....M.AA.RM.P..R..P...........
9 6 3 BB..M....RM.AA.RM.P.....P...........
8 6 2 BB.RM....RM.AA..M.P.....P...........
6 6 0 BB.R.....R.....AA.P...M.P...M.....M.
6 6 0 BB.R.....R......AAP...M.P...M.....M.
7 6 1 BB.R.....R....AA..P...M.P...M.....M.
6 6 0 BB..........P..AA.P...M....RM....RM.
6 6 0 BB....P.....P..AA.....M....RM....RM.
7 6 1 BB............AAM.....M.P..RM.P..R..
7 6 1 BB........M...AAM.....M.P..R..P..R..
7 6 1 BB..M.....M...AAM.......P..R..P..R..
7 6 1 BB..........P.AA..P...M....RM....RM.
7 6 1 BB....P.....P.AA......M....RM....RM.
8 6 2 BB...........AA.M.....M.P..RM.P..R..
8 6 2 BB........M..AA.M.....M.P..R..P..R..
8 6 2 BB..M.....M..AA.M.......P..R..P..R..
7 6 1 BB..........PAA...P...M....RM....RM.
7 6 1 BB....P.....PAA.......M....RM....RM.
6 6 0 BB..........P...AAP..RM....RM.....M.
6 6 0 BB....P.....P...AA...RM....RM.....M.
7 6 1 BB..........P.AAM.P..RM....RM.......
7 6 1 BB....P.....P.AAM....RM....RM.......
7 6 1 BB........M.P.AAM.P..RM....R........
7 6 1 BB....P...M.P.AAM....RM....R........
7 6 1 BB..M.....M.P.AAM.P..R.....R........
7 6 1 BB..M.P...M.P.AAM....R.....R........
8 6 2 BB..........PAA.M.P..RM....RM.......
8 6 2 BB....P.....PAA.M....RM....RM.......
8 6 2 BB...........AARM....RM.P...M.P.....
8 6 2 BB.......R...AARM.....M.P...M.P.....
8 6 2 BB.R.....R...AA.M.....M.P...M.P.....
8 6 2 BB........M.PAA.M.P..RM....R........
8 6 2 BB....P...M.PAA.M....RM....R........
8 6 2 BB........M..AARM....RM.P.....P.....
8 6 2 BB.......RM..AARM.....M.P.....P.....
8 6 2 BB.R.....RM..AA.M.....M.P.....P.....
8 6 2 BB..M.....M.PAA.M.P..R.....R........
8 6 2 BB..M.P...M.PAA.M....R.....R........
8 6 2 BB..M.....M..AARM....R..P.....P.....
8 6 2 BB..M....RM..AARM.......P.....P.....
8 6 2 BB.RM....RM..AA.M.......P.....P.....
8 6 2 BB..........PAAR..P..RM.....M.....M.
8 6 2 BB.......R..PAAR..P...M.....M.....M.
7 6 1 BB.R.....R..PAA...P...M.....M.....M.
8 6 2 BB....P.....PAAR.....RM.....M.....M.
8 6 2 BB....P..R..PAAR......M.....M.....M.
7 6 1 BB.R..P..R..PAA.......M.....M.....M.
7 6 1 BB.R.....R....AAM.....M.P...M.P.....
7 6 1 BB.R.....RM...AAM.....M.P.....P.....
7 6 1 BB.RM....RM...AAM.......P.....P.....
6 6 0 BB.R.....R..P..AA.P...M.....M.....M.
6 6 0 BB.R..P..R..P..AA.....M.....M.....M.
7 6 1 BB.R.....R..P.AA..P...M.....M.....M.
7 6 1 BB.R..P..R..P.AA......M.....M.....M.
6 6 0 ...BB..........AA.P...M.P..RM....RM.
6 6 0 ...BB...........AAP...M.P..RM....RM.
7 6 1 ...BB.........AA..P...M.P..RM....RM.
7 6 1 ...BB........AA...P...M.P..RM....RM.
8 6 2 ...BB.......AA..M.P...M.P..RM....R..
8 6 2 ...BB.....M.AA..M.P...M.P..R.....R..
7 6 1 ...BB.........AAM.P..RM.P..RM.......
7 6 1 ...BB.....M...AAM.P..RM.P..R........
8 6 2 ...BB........AA.M.P..RM.P..RM.......
8 6 2 ...BB.....M..AA.M.P..RM.P..R........
8 6 2 ...BB........AAR..P..RM.P...M.....M.
8 6 2 ...BB....R...AAR..P...M.P...M.....M.
9 6 3 ...BB.......AA.RM.P..RM.P...M.......
9 6 3 ...BB....R..AA.RM.P...M.P...M.......
9 6 3 ...BB.....M.AA.RM.P..RM.P...........
9 6 3 ...BB....RM.AA.RM.P...M.P...........
6 6 0 ...BB.......P..AA.P...M....RM....RM.
6 6 0 ...BB.P.....P..AA.....M....RM....RM.
6 6 0 P..BB.P........AA.....M....RM....RM.
7 6 1 ...BB.........AAM.....M.P..RM.P..R..
7 6 1 ...BB.....M...AAM.....M.P..R..P..R..
7 6 1 ...BB.......P.AA..P...M....RM....RM.
7 6 1 ...BB.P.....P.AA......M....RM....RM.
7 6 1 P..BB.P.......AA......M....RM....RM.
8 6 2 ...BB........AA.M.....M.P..RM.P..R..
8 6 2 ...BB.....M..AA.M.....M.P..R..P..R..
7 6 1 ...BB.......PAA...P...M....RM....RM.
7 6 1 ...BB.P.....PAA.......M....RM....RM.
7 6 1 P..BB.P......AA.......M....RM....RM.
6 6 0 ...BB.......P...AAP..RM....RM.....M.
6 6 0 ...BB.P.....P...AA...RM....RM.....M.
6 6 0 P..BB.P.........AA...RM....RM.....M.
7 6 1 P..BB.P.....AA.......RM....RM.....M.
7 6 1 ...BB.......P.AAM.P..RM....RM.......
7 6 1 ...BB.P.....P.AAM....RM....RM.......
7 6 1 P..BB.P.......AAM....RM....RM.......
7 6 1 ...BB.....M.P.AAM.P..RM....R........
7 6 1 ...BB.P...M.P.AAM....RM....R........
7 6 1 P..BB.P...M...AAM....RM....R........
8 6 2 ...BB.......PAA.M.P..RM....RM.......
8 6 2 ...BB.P.....PAA.M....RM....RM.......
8 6 2 P..BB.P......AA.M....RM....RM.......
8 6 2 ...BB........AARM....RM.P...M.P.....
8 6 2 ...BB....R...AARM.....M.P...M.P.....
8 6 2 ...BB.....M.PAA.M.P..RM....R........
8 6 2 ...BB.P...M.PAA.M....RM....R........
8 6 2 P..BB.P...M..AA.M....RM....R........
8 6 2 ...BB.....M..AARM....RM.P.....P.....
8 6 2 ...BB....RM..AARM.....M.P.....P.....
8 6 2 ...BB.......PAAR..P..RM.....M.....M.
8 6 2 ...BB....R..PAAR..P...M.....M.....M.
8 6 2 ...BB.P.....PAAR.....RM.....M.....M.
8 6 2 ...BB.P..R..PAAR......M.....M.....M.
8 6 2 P..BB.P......AAR.....RM.....M.....M.
8 6 2 P..BB.P..R...AAR......M.....M.....M.
6 6 0 ....BB.........AA.P...M.P..RM....RM.
6 6 0 ....BB..........AAP...M.P..RM....RM.
7 6 1 ....BB........AA..P...M.P..RM....RM.
7 6 1 ....BB.......AA...P...M.P..RM....RM.
8 6 2 ....BB......AA..M.P...M.P..RM....R..
8 6 2 ....BB....M.AA..M.P...M.P..R.....R..
7 6 1 ....BB........AAM.P..RM.P..RM.......
7 6 1 ....BB....M...AAM.P..RM.P..R........
8 6 2 ....BB.......AA.M.P..RM.P..RM.......
8 6 2 ....BB....M..AA.M.P..RM.P..R........
8 6 2 ....BB.......AAR..P..RM.P...M.....M.
8 6 2 ....BB...R...AAR..P...M.P...M.....M.
7 6 1 ...RBB...R...AA...P...M.P...M.....M.
9 6 3 ....BB......AA.RM.P..RM.P...M.......
9 6 3 ....BB...R..AA.RM.P...M.P...M.......
8 6 2 ...RBB...R..AA..M.P...M.P...M.......
9 6 3 ....BB....M.AA.RM.P..RM.P...........
9 6 3 ....BB...RM.AA.RM.P...M.P...........
8 6 2 ...RBB...RM.AA..M.P...M.P...........
6 6 0 ...RBB...R.....AA.P...M.P...M.....M.
6 6 0 ...RBB...R......AAP...M.P...M.....M.
7 6 1 ...RBB...R....AA..P...M.P...M.....M.
6 6 0 ....BB......P..AA.P...M....RM....RM.
6 6 0 ....BBP.....P..AA.....M....RM....RM.
6 6 0 P...BBP........AA.....M....RM....RM.
7 6 1 ....BB........AAM.....M.P..RM.P..R..
7 6 1 ....BB....M...AAM.....M.P..R..P..R..
7 6 1 ....BB......P.AA..P...M....RM....RM.
7 6 1 ....BBP.....P.AA......M....RM....RM.
7 6 1 P...BBP.......AA......M....RM....RM.
8 6 2 ....BB.......AA.M.....M.P..RM.P..R..
8 6 2 ....BB....M..AA.M.....M.P..R..P..R..
7 6 1 ....BB......PAA...P...M....RM....RM.
7 6 1 ....BBP.....PAA.......M....RM....RM.
7 6 1 P...BBP......AA.......M....RM....RM.
6 6 0 ....BB......P...AAP..RM....RM.....M.
6 6 0 ....BBP.....P...AA...RM....RM.....M.
6 6 0 P...BBP.........AA...RM....RM.....M.
7 6 1 P...BBP.....AA.......RM....RM.....M.
7 6 1 ....BB......P.AAM.P..RM....RM.......
7 6 1 ....BBP.....P.AAM....RM....RM.......
7 6 1 P...BBP.......AAM....RM....RM.......
7 6 1 ....BB....M.P.AAM.P..RM....R........
7 6 1 ....BBP...M.P.AAM....RM....R........
7 6 1 P...BBP...M...AAM....RM....R........
8 6 2 ....BB......PAA.M.P..RM....RM.......
8 6 2 ....BBP.....PAA.M....RM....RM.......
8 6 2 P...BBP......AA.M....RM....RM.......
8 6 2 ....BB.......AARM....RM.P...M.P.....
8 6 2 ....BB...R...AARM.....M.P...M.P.....
8 6 2 ...RBB...R...AA.M.....M.P...M.P.....
8 6 2 ....BB....M.PAA.M.P..RM....R........
8 6 2 ....BBP...M.PAA.M....RM....R........
8 6 2 P...BBP...M..AA.M....RM....R........
8 6 2 ....BB....M..AARM....RM.P.....P.....
8 6 2 ....BB...RM..AARM.....M.P.....P.....
8 6 2 ...RBB...RM..AA.M.....M.P.....P.....
8 6 2 ....BB......PAAR..P..RM.....M.....M.
8 6 2 ....BB...R..PAAR..P...M.....M.....M.
7 6 1 ...RBB...R..PAA...P...M.....M.....M.
8 6 2 ....BBP.....PAAR.....RM.....M.....M.
8 6 2 ....BBP..R..PAAR......M.....M.....M.
7 6 1 ...RBBP..R..PAA.......M.....M.....M.
8 6 2 P...BBP......AAR.....RM.....M.....M.
8 6 2 P...BBP..R...AAR......M.....M.....M.
7 6 1 P..RBBP..R...AA.......M.....M.....M.
7 6 1 ...RBB...R....AAM.....M.P...M.P.....
7 6 1 ...RBB...RM...AAM.....M.P.....P.....
6 6 0 ...RBB...R..P..AA.P...M.....M.....M.
6 6 0 ...RBBP..R..P..AA.....M.....M.....M.
6 6 0 P..RBBP..R.....AA.....M.....M.....M.
7 6 1 ...RBB...R..P.AA..P...M.....M.....M.
7 6 1 ...RBBP..R..P.AA......M.....M.....M.
7 6 1 P..RBBP..R....AA......M.....M.....M.
7 6 1 .BB...........AAM.P...M.P..RM....R..
7 6 1 .BB.......M...AAM.P...M.P..R.....R..
7 6 1 .BB.M.....M...AAM.P.....P..R.....R..
8 6 2 .BB..........AA.M.P...M.P..RM....R..
8 6 2 .BB.......M..AA.M.P...M.P..R.....R..
8 6 2 .BB.M.....M..AA.M.P.....P..R.....R..
8 6 2 .BB..........AARM.P..RM.P...M.......
8 6 2 .BB......R...AARM.P...M.P...M.......
8 6 2 .BBR.....R...AA.M.P...M.P...M.......
8 6 2 .BB.......M..AARM.P..RM.P...........
8 6 2 .BB......RM..AARM.P...M.P...........
8 6 2 .BBR.....RM..AA.M.P...M.P...........
8 6 2 .BB.M.....M..AARM.P..R..P...........
8 6 2 .BB.M....RM..AARM.P.....P...........
8 6 2 .BBRM....RM..AA.M.P.....P...........
7 6 1 .BBR.....R....AAM.P...M.P...M.......
7 6 1 .BBR.....RM...AAM.P...M.P...........
7 6 1 .BBRM....RM...AAM.P.....P...........
6 6 0 .BB.........P...AAP...M....RM....RM.
6 6 0 .BB...P.....P...AA....M....RM....RM.
6 6 0 PBB...P.........AA....M....RM....RM.
7 6 1 PBB...P.....AA........M....RM....RM.
7 6 1 .BB.........P.AAM.P...M....RM....R..
7 6 1 .BB...P.....P.AAM.....M....RM....R..
7 6 1 PBB...P.......AAM.....M....RM....R..
7 6 1 .BB.......M.P.AAM.P...M....R.....R..
7 6 1 .BB...P...M.P.AAM.....M....R.....R..
7 6 1 PBB...P...M...AAM.....M....R.....R..
7 6 1 .BB.M.....M.P.AAM.P........R.....R..
7 6 1 .BB.M.P...M.P.AAM..........R.....R..
7 6 1 PBB.M.P...M...AAM..........R.....R..
8 6 2 .BB.........PAA.M.P...M....RM....R..
8 6 2 .BB...P.....PAA.M.....M....RM....R..
8 6 2 PBB...P......AA.M.....M....RM....R..
8 6 2 .BB.......M.PAA.M.P...M....R.....R..
8 6 2 .BB...P...M.PAA.M.....M....R.....R..
8 6 2 PBB...P...M..AA.M.....M....R.....R..
8 6 2 .BB.M.....M.PAA.M.P........R.....R..
8 6 2 .BB.M.P...M.PAA.M..........R.....R..
8 6 2 PBB.M.P...M..AA.M..........R.....R..
8 6 2 PBB...P.....AA..M....RM....RM.......
8 6 2 PBB...P...M.AA..M....RM....R........
8 6 2 PBB.M.P...M.AA..M....R.....R........
8 6 2 PBB...P.....AA.R.....RM.....M.....M.
8 6 2 PBB...P..R..AA.R......M.....M.....M.
7 6 1 PBBR..P..R..AA........M.....M.....M.
8 6 2 .BB.........PAARM.P..RM.....M.......
8 6 2 .BB......R..PAARM.P...M.....M.......
8 6 2 .BBR.....R..PAA.M.P...M.....M.......
8 6 2 .BB...P.....PAARM....RM.....M.......
8 6 2 .BB...P..R..PAARM.....M.....M.......
8 6 2 .BBR..P..R..PAA.M.....M.....M.......
8 6 2 PBB...P......AARM....RM.....M.......
8 6 2 PBB...P..R...AARM.....M.....M.......
8 6 2 PBBR..P..R...AA.M.....M.....M.......
8 6 2 .BB.......M.PAARM.P..RM.............
8 6 2 .BB......RM.PAARM.P...M.............
8 6 2 .BBR.....RM.PAA.M.P...M.............
8 6 2 .BB...P...M.PAARM....RM.............
8 6 2 .BB...P..RM.PAARM.....M.............
8 6 2 .BBR..P..RM.PAA.M.....M.............
8 6 2 PBB...P...M..AARM....RM.............
8 6 2 PBB...P..RM..AARM.....M.............
8 6 2 PBBR..P..RM..AA.M.....M.............
8 6 2 .BB.M.....M.PAARM.P..R..............
8 6 2 .BB.M....RM.PAARM.P.................
8 6 2 .BBRM....RM.PAA.M.P.................
8 6 2 .BB.M.P...M.PAARM....R..............
8 6 2 .BB.M.P..RM.PAARM...................
8 6 2 .BBRM.P..RM.PAA.M...................
8 6 2 PBB.M.P...M..AARM....R..............
8 6 2 PBB.M.P..RM..AARM...................
8 6 2 PBBRM.P..RM..AA.M...................
6 6 0 .BBR.....R..P...AAP...M.....M.....M.
6 6 0 .BBR..P..R..P...AA....M.....M.....M.
6 6 0 PBBR..P..R......AA....M.....M.....M.
7 6 1 .BBR.....R..P.AAM.P...M.....M.......
7 6 1 .BBR..P..R..P.AAM.....M.....M.......
7 6 1 PBBR..P..R....AAM.....M.....M.......
7 6 1 .BBR.....RM.P.AAM.P...M.............
7 6 1 .BBR..P..RM.P.AAM.....M.............
7 6 1 PBBR..P..RM...AAM.....M.............
7 6 1 .BBRM....RM.P.AAM.P.................
7 6 1 .BBRM.P..RM.P.AAM...................
7 6 1 PBBRM.P..RM...AAM...................
8 7 1 ..BB..........AAM.P...M.P..RM....R..
8 7 1 ..BB......M...AAM.P...M.P..R.....R..
8 7 1 ..BBM.....M...AAM.P.....P..R.....R..
9 7 2 ..BB.........AA.M.P...M.P..RM....R..
9 7 2 ..BB......M..AA.M.P...M.P..R.....R..
9 7 2 ..BBM.....M..AA.M.P.....P..R.....R..
9 7 2 ..BB.........AARM.P..RM.P...M.......
9 7 2 ..BB.....R...AARM.P...M.P...M.......
9 7 2 ..BB......M..AARM.P..RM.P...........
9 7 2 ..BB.....RM..AARM.P...M.P...........
9 7 2 ..BBM.....M..AARM.P..R..P...........
9 7 2 ..BBM....RM..AARM.P.....P...........
7 7 0 ..BB........P...AAP...M....RM....RM.
7 7 0 ..BB..P.....P...AA....M....RM....RM.
7 7 0 P.BB..P.........AA....M....RM....RM.
8 7 1 P.BB..P.....AA........M....RM....RM.
8 7 1 ..BB........P.AAM.P...M....RM....R..
8 7 1 ..BB..P.....P.AAM.....M....RM....R..
8 7 1 P.BB..P.......AAM.....M....RM....R..
8 7 1 ..BB......M.P.AAM.P...M....R.....R..
8 7 1 ..BB..P...M.P.AAM.....M....R.....R..
8 7 1 P.BB..P...M...AAM.....M....R.....R..
8 7 1 ..BBM.....M.P.AAM.P........R.....R..
8 7 1 ..BBM.P...M.P.AAM..........R.....R..
8 7 1 P.BBM.P...M...AAM..........R.....R..
9 7 2 ..BB........PAA.M.P...M....RM....R..
9 7 2 ..BB..P.....PAA.M.....M....RM....R..
9 7 2 P.BB..P......AA.M.....M....RM....R..
9 7 2 ..BB......M.PAA.M.P...M....R.....R..
9 7 2 ..BB..P...M.PAA.M.....M....R.....R..
9 7 2 P.BB..P...M..AA.M.....M....R.....R..
9 7 2 ..BBM.....M.PAA.M.P........R.....R..
9 7 2 ..BBM.P...M.PAA.M..........R.....R..
9 7 2 P.BBM.P...M..AA.M..........R.....R..
9 7 2 P.BB..P.....AA..M....RM....RM.......
9 7 2 P.BB..P...M.AA..M....RM....R........
9 7 2 P.BBM.P...M.AA..M....R.....R........
9 7 2 P.BB..P.....AA.R.....RM.....M.....M.
9 7 2 P.BB..P..R..AA.R......M.....M.....M.
9 7 2 ..BB........PAARM.P..RM.....M.......
9 7 2 ..BB.....R..PAARM.P...M.....M.......
9 7 2 ..BB..P.....PAARM....RM.....M.......
9 7 2 ..BB..P..R..PAARM.....M.....M.......
9 7 2 P.BB..P......AARM....RM.....M.......
9 7 2 P.BB..P..R...AARM.....M.....M.......
9 7 2 ..BB......M.PAARM.P..RM.............
9 7 2 ..BB.....RM.PAARM.P...M.............
9 7 2 ..BB..P...M.PAARM....RM.............
9 7 2 ..BB..P..RM.PAARM.....M.............
9 7 2 P.BB..P...M..AARM....RM.............
9 7 2 P.BB..P..RM..AARM.....M.............
9 7 2 ..BBM.....M.PAARM.P..R..............
9 7 2 ..BBM....RM.PAARM.P.................
9 7 2 ..BBM.P...M.PAARM....R..............
9 7 2 ..BBM.P..RM.PAARM...................
9 7 2 P.BBM.P...M..AARM....R..............
9 7 2 P.BBM.P..RM..AARM...................
8 7 1 BB............AAM.P...M.P..RM....R..
8 7 1 BB........M...AAM.P...M.P..R.....R..
8 7 1 BB..M.....M...AAM.P.....P..R.....R..
9 7 2 BB...........AA.M.P...M.P..RM....R..
9 7 2 BB........M..AA.M.P...M.P..R.....R..
9 7 2 BB..M.....M..AA.M.P.....P..R.....R..
9 7 2 BB...........AARM.P..RM.P...M.......
9 7 2 BB.......R...AARM.P...M.P...M.......
9 7 2 BB.R.....R...AA.M.P...M.P...M.......
9 7 2 BB........M..AARM.P..RM.P...........
9 7 2 BB.......RM..AARM.P...M.P...........
9 7 2 BB.R.....RM..AA.M.P...M.P...........
9 7 2 BB..M.....M..AARM.P..R..P...........
9 7 2 BB..M....RM..AARM.P.....P...........
9 7 2 BB.RM....RM..AA.M.P.....P...........
8 7 1 BB.R.....R....AAM.P...M.P...M.......
8 7 1 BB.R.....RM...AAM.P...M.P...........
8 7 1 BB.RM....RM...AAM.P.....P...........
7 7 0 BB..........P...AAP...M....RM....RM.
7 7 0 BB....P.....P...AA....M....RM....RM.
8 7 1 BB..........P.AAM.P...M....RM....R..
8 7 1 BB....P.....P.AAM.....M....RM....R..
8 7 1 BB........M.P.AAM.P...M....R.....R..
8 7 1 BB....P...M.P.AAM.....M....R.....R..
8 7 1 BB..M.....M.P.AAM.P........R.....R..
8 7 1 BB..M.P...M.P.AAM..........R.....R..
9 7 2 BB..........PAA.M.P...M....RM....R..
9 7 2 BB....P.....PAA.M.....M....RM....R..
9 7 2 BB........M.PAA.M.P...M....R.....R..
9 7 2 BB....P...M.PAA.M.....M....R.....R..
9 7 2 BB..M.....M.PAA.M.P........R.....R..
9 7 2 BB..M.P...M.PAA.M..........R.....R..
9 7 2 BB..........PAARM.P..RM.....M.......
9 7 2 BB.......R..PAARM.P...M.....M.......
9 7 2 BB.R.....R..PAA.M.P...M.....M.......
9 7 2 BB....P.....PAARM....RM.....M.......
9 7 2 BB....P..R..PAARM.....M.....M.......
9 7 2 BB.R..P..R..PAA.M.....M.....M.......
9 7 2 BB........M.PAARM.P..RM.............
9 7 2 BB.......RM.PAARM.P...M.............
9 7 2 BB.R.....RM.PAA.M.P...M.............
9 7 2 BB....P...M.PAARM....RM.............
9 7 2 BB....P..RM.PAARM.....M.............
9 7 2 BB.R..P..RM.PAA.M.....M.............
9 7 2 BB..M.....M.PAARM.P..R..............
9 7 2 BB..M....RM.PAARM.P.................
9 7 2 BB.RM....RM.PAA.M.P.................
9 7 2 BB..M.P...M.PAARM....R..............
9 7 2 BB..M.P..RM.PAARM...................
9 7 2 BB.RM.P..RM.PAA.M...................
7 7 0 BB.R.....R..P...AAP...M.....M.....M.
7 7 0 BB.R..P..R..P...AA....M.....M.....M.
8 7 1 BB.R.....R..P.AAM.P...M.....M.......
8 7 1 BB.R..P..R..P.AAM.....M.....M.......
8 7 1 BB.R.....RM.P.AAM.P...M.............
8 7 1 BB.R..P..RM.P.AAM.....M.............
8 7 1 BB.RM....RM.P.AAM.P.................
8 7 1 BB.RM.P..RM.P.AAM...................
8 7 1 ...BB.........AAM.P...M.P..RM....R..
8 7 1 ...BB.....M...AAM.P...M.P..R.....R..
9 7 2 ...BB........AA.M.P...M.P..RM....R..
9 7 2 ...BB.....M..AA.M.P...M.P..R.....R..
9 7 2 ...BB........AARM.P..RM.P...M.......
9 7 2 ...BB....R...AARM.P...M.P...M.......
9 7 2 ...BB.....M..AARM.P..RM.P...........
9 7 2 ...BB....RM..AARM.P...M.P...........
7 7 0 ...BB.......P...AAP...M....RM....RM.
7 7 0 ...BB.P.....P...AA....M....RM....RM.
7 7 0 P..BB.P.........AA....M....RM....RM.
8 7 1 P..BB.P.....AA........M....RM....RM.
8 7 1 ...BB.......P.AAM.P...M....RM....R..
8 7 1 ...BB.P.....P.AAM.....M....RM....R..
8 7 1 P..BB.P.......AAM.....M....RM....R..
8 7 1 ...BB.....M.P.AAM.P...M....R.....R..
8 7 1 ...BB.P...M.P.AAM.....M....R.....R..
8 7 1 P..BB.P...M...AAM.....M....R.....R..
9 7 2 ...BB.......PAA.M.P...M....RM....R..
9 7 2 ...BB.P.....PAA.M.....M....RM....R..
9 7 2 P..BB.P......AA.M.....M....RM....R..
9 7 2 ...BB.....M.PAA.M.P...M....R.....R..
9 7 2 ...BB.P...M.PAA.M.....M....R.....R..
9 7 2 P..BB.P...M..AA.M.....M....R.....R..
9 7 2 P..BB.P.....AA..M....RM....RM.......
9 7 2 P..BB.P...M.AA..M....RM....R........
9 7 2 P..BB.P.....AA.R.....RM.....M.....M.
9 7 2 P..BB.P..R..AA.R......M.....M.....M.
9 7 2 ...BB.......PAARM.P..RM.....M.......
9 7 2 ...BB....R..PAARM.P...M.....M.......
9 7 2 ...BB.P.....PAARM....RM.....M.......
9 7 2 ...BB.P..R..PAARM.....M.....M.......
9 7 2 P..BB.P......AARM....RM.....M.......
9 7 2 P..BB.P..R...AARM.....M.....M.......
9 7 2 ...BB.....M.PAARM.P..RM.............
9 7 2 ...BB....RM.PAARM.P...M.............
9 7 2 ...BB.P...M.PAARM....RM.............
9 7 2 ...BB.P..RM.PAARM.....M.............
9 7 2 P..BB.P...M..AARM....RM.............
9 7 2 P..BB.P..RM..AARM.....M.............
8 7 1 ....BB........AAM.P...M.P..RM....R..
8 7 1 ....BB....M...AAM.P...M.P..R.....R..
9 7 2 ....BB.......AA.M.P...M.P..RM....R..
9 7 2 ....BB....M..AA.M.P...M.P..R.....R..
9 7 2 ....BB.......AARM.P..RM.P...M.......
9 7 2 ....BB...R...AARM.P...M.P...M.......
9 7 2 ...RBB...R...AA.M.P...M.P...M.......
9 7 2 ....BB....M..AARM.P..RM.P...........
9 7 2 ....BB...RM..AARM.P...M.P...........
9 7 2 ...RBB...RM..AA.M.P...M.P...........
8 7 1 ...RBB...R....AAM.P...M.P...M.......
8 7 1 ...RBB...RM...AAM.P...M.P...........
7 7 0 ....BB......P...AAP...M....RM....RM.
7 7 0 ....BBP.....P...AA....M....RM....RM.
7 7 0 P...BBP.........AA....M....RM....RM.
8 7 1 P...BBP.....AA........M....RM....RM.
8 7 1 ....BB......P.AAM.P...M....RM....R..
8 7 1 ....BBP.....P.AAM.....M....RM....R..
8 7 1 P...BBP.......AAM.....M....RM....R..
8 7 1 ....BB....M.P.AAM.P...M....R.....R..
8 7 1 ....BBP...M.P.AAM.....M....R.....R..
8 7 1 P...BBP...M...AAM.....M....R.....R..
9 7 2 ....BB......PAA.M.P...M....RM....R..
9 7 2 ....BBP.....PAA.M.....M....RM....R..
9 7 2 P...BBP......AA.M.....M....RM....R..
9 7 2 ....BB....M.PAA.M.P...M....R.....R..
9 7 2 ....BBP...M.PAA.M.....M....R.....R..
9 7 2 P...BBP...M..AA.M.....M....R.....R..
9 7 2 P...BBP.....AA..M....RM....RM.......
9 7 2 P...BBP...M.AA..M....RM....R........
9 7 2 P...BBP.....AA.R.....RM.....M.....M.
9 7 2 P...BBP..R..AA.R......M.....M.....M.
8 7 1 P..RBBP..R..AA........M.....M.....M.
9 7 2 ....BB......PAARM.P..RM.....M.......
9 7 2 ....BB...R..PAARM.P...M.....M.......
9 7 2 ...RBB...R..PAA.M.P...M.....M.......
9 7 2 ....BBP.....PAARM....RM.....M.......
9 7 2 ....BBP..R..PAARM.....M.....M.......
9 7 2 ...RBBP..R..PAA.M.....M.....M.......
9 7 2 P...BBP......AARM....RM.....M.......
9 7 2 P...BBP..R...AARM.....M.....M.......
9 7 2 P..RBBP..R...AA.M.....M.....M.......
9 7 2 ....BB....M.PAARM.P..RM.............
9 7 2 ....BB...RM.PAARM.P...M.............
9 7 2 ...RBB...RM.PAA.M.P...M.............
9 7 2 ....BBP...M.PAARM....RM.............
9 7 2 ....BBP..RM.PAARM.....M.............
9 7 2 ...RBBP..RM.PAA.M.....M.............
9 7 2 P...BBP...M..AARM....RM.............
9 7 2 P...BBP..RM..AARM.....M.............
9 7 2 P..RBBP..RM..AA.M.....M.............
7 7 0 ...RBB...R..P...AAP...M.....M.....M.
7 7 0 ...RBBP..R..P...AA....M.....M.....M.
7 7 0 P..RBBP..R......AA....M.....M.....M.
8 7 1 ...RBB...R..P.AAM.P...M.....M.......
8 7 1 ...RBBP..R..P.AAM.....M.....M.......
8 7 1 P..RBBP..R....AAM.....M.....M.......
8 7 1 ...RBB...RM.P.AAM.P...M.............
8 7 1 ...RBBP..RM.P.AAM.....M.............
8 7 1 P..RBBP..RM...AAM.....M.............
9 7 2 PBB...P.....AA..M.....M....RM....R..
9 7 2 PBB...P...M.AA..M.....M....R.....R..
9 7 2 PBB.M.P...M.AA..M..........R.....R..
10 7 3 PBB...P.....AA.RM....RM.....M.......
10 7 3 PBB...P..R..AA.RM.....M.....M.......
9 7 2 PBBR..P..R..AA..M.....M.....M.......
10 7 3 PBB...P...M.AA.RM....RM.............
10 7 3 PBB...P..RM.AA.RM.....M.............
9 7 2 PBBR..P..RM.AA..M.....M.............
10 7 3 PBB.M.P...M.AA.RM....R..............
10 7 3 PBB.M.P..RM.AA.RM...................
9 7 2 PBBRM.P..RM.AA..M...................
10 8 2 P.BB..P.....AA..M.....M....RM....R..
10 8 2 P.BB..P...M.AA..M.....M....R.....R..
10 8 2 P.BBM.P...M.AA..M..........R.....R..
11 8 3 P.BB..P.....AA.RM....RM.....M.......
11 8 3 P.BB..P..R..AA.RM.....M.....M.......
11 8 3 P.BB..P...M.AA.RM....RM.............
11 8 3 P.BB..P..RM.AA.RM.....M.............
11 8 3 P.BBM.P...M.AA.RM....R..............
11 8 3 P.BBM.P..RM.AA.RM...................
10 8 2 P..BB.P.....AA..M.....M....RM....R..
10 8 2 P..BB.P...M.AA..M.....M....R.....R..
11 8 3 P..BB.P.....AA.RM....RM.....M.......
11 8 3 P..BB.P..R..AA.RM.....M.....M.......
11 8 3 P..BB.P...M.AA.RM....RM.............
11 8 3 P..BB.P..RM.AA.RM.....M.............
10 8 2 P...BBP.....AA..M.....M....RM....R..
10 8 2 P...BBP...M.AA..M.....M....R.....R..
11 8 3 P...BBP.....AA.RM....RM.....M.......
11 8 3 P...BBP..R..AA.RM.....M.....M.......
10 8 2 P..RBBP..R..AA..M.....M.....M.......
11 8 3 P...BBP...M.AA.RM....RM.............
11 8 3 P...BBP..RM.AA.RM.....M.............
10 8 2 P..RBBP..RM.AA..M.....M.............
