2 0 2 .BB.M.....M.AA..FFR.....R..P.....P..
2 1 1 .BB.M.....M..AA.FFR.....R..P.....P..
2 1 1 .BB.M.....M...AAFFR.....R..P.....P..
2 1 1 .BB.M.....M.AA....R.....R..P.....P..
3 1 2 ..BBM.....M.AA..FFR.....R..P.....P..
3 1 2 BB..M.....M.AA..FFR.....R..P.....P..
3 1 2 .BB.M.....M.AAFF..R.....R..P.....P..
3 1 2 .BB.M.....M.AA..FFR..P..R..P........
3 1 2 .BB.M.....M.AA.PFFR..P..R...........
3 1 2 .BB.M....PM.AA.PFFR.....R...........
3 1 2 .BBPM....PM.AA..FFR.....R...........
3 1 2 .BB.M.....M.AA..FF......R..P..R..P..
3 2 1 ..BBM.....M..AA.FFR.....R..P.....P..
3 2 1 BB..M.....M..AA.FFR.....R..P.....P..
3 2 1 .BB.M.....M..AA...R.....R..P.....P..
3 2 1 .BB.M.....M..AA.FFR..P..R..P........
3 2 1 .BBPM....PM..AA.FFR.....R...........
3 2 1 .BB.M.....M.RAA.FFR........P.....P..
3 2 1 .BB.M.R...M.RAA.FF.........P.....P..
3 2 1 RBB.M.R...M..AA.FF.........P.....P..
3 2 1 .BB.M.....M..AA.FF......R..P..R..P..
4 2 2 .BB.M.....M..AAPFFR..P..R...........
4 2 2 .BB.M....PM..AAPFFR.....R...........
3 2 1 ..BBM.....M...AAFFR.....R..P.....P..
3 2 1 BB..M.....M...AAFFR.....R..P.....P..
3 2 1 .BB.M.....M...AAFFR..P..R..P........
3 2 1 .BB.M.....M.R.AAFFR........P.....P..
3 2 1 .BB.M.R...M.R.AAFF.........P.....P..
3 2 1 RBB.M.R...M...AAFF.........P.....P..
3 2 1 .BB.M.....M...AAFF......R..P..R..P..
2 2 0 .BB.M.....M....AA.R.....R..P.....P..
2 2 0 .BB.M.....M.....AAR.....R..P.....P..
3 2 1 .BB.M.....M...AA..R.....R..P.....P..
3 2 1 ..BBM.....M.AA....R.....R..P.....P..
3 2 1 BB..M.....M.AA....R.....R..P.....P..
3 2 1 .BB.........AA....R...M.R..PM....P..
3 2 1 .BB.........AA....R.....R..PM....PM.
3 2 1 .BB.M.....M.AA....R..P..R..P........
3 2 1 .BBPM....PM.AA....R.....R...........
3 2 1 .BB.M.....M.AA..........R..P..R..P..
4 2 2 .BB.......M.AA..M.R.....R..P.....P..
4 2 2 .BB.........AA..M.R...M.R..P.....P..
4 2 2 .BB.M.....M.AA.P..R..P..R...........
4 2 2 .BB.M....PM.AA.P..R.....R...........
4 2 2 ..BBM.....M.AAFF..R.....R..P.....P..
4 2 2 ..BBM.....M.AA..FFR..P..R..P........
4 2 2 ..BBM.....M.AA.PFFR..P..R...........
4 2 2 ..BBM....PM.AA.PFFR.....R...........
4 2 2 ..BBM.....M.AA..FF......R..P..R..P..
4 2 2 BB..M.....M.AAFF..R.....R..P.....P..
4 2 2 BB..M.....M.AA..FFR..P..R..P........
4 2 2 BB..M.....M.AA.PFFR..P..R...........
4 2 2 BB..M....PM.AA.PFFR.....R...........
4 2 2 BB.PM....PM.AA..FFR.....R...........
4 2 2 BB..M.....M.AA..FF......R..P..R..P..
4 2 2 .BB.......M.AAFFM.R.....R..P.....P..
4 2 2 .BB.........AAFFM.R...M.R..P.....P..
4 2 2 .BB.........AAFF..R...M.R..PM....P..
4 2 2 .BB.........AAFF..R.....R..PM....PM.
4 2 2 .BB.M.....M.AAFF..R..P..R..P........
4 2 2 .BB.M.....M.AAFF........R..P..R..P..
4 2 2 .BB.M.....M.AA..FF...P..R..P..R.....
4 2 2 .BB.M.....M.AA.PFF...P..R.....R.....
4 2 2 .BB.M....PM.AA.PFF......R.....R.....
3 2 1 .BBPM....PM...AAFFR.....R...........
4 2 2 .BBPM....PM.AAFF..R.....R...........
4 2 2 .BBPM....PM.AA..FF......R.....R.....
4 3 1 ..BBM.....M..AA...R.....R..P.....P..
4 3 1 ..BBM.....M..AA.FFR..P..R..P........
4 3 1 ..BBM.....M.RAA.FFR........P.....P..
4 3 1 ..BBM.R...M.RAA.FF.........P.....P..
4 3 1 R.BBM.R...M..AA.FF.........P.....P..
4 3 1 ..BBM.....M..AA.FF......R..P..R..P..
5 3 2 ..BBM.....M..AAPFFR..P..R...........
5 3 2 ..BBM....PM..AAPFFR.....R...........
4 3 1 BB..M.....M..AA...R.....R..P.....P..
4 3 1 BB..M.....M..AA.FFR..P..R..P........
4 3 1 BB.PM....PM..AA.FFR.....R...........
4 3 1 BB..M.....M.RAA.FFR........P.....P..
4 3 1 BB..M.R...M.RAA.FF.........P.....P..
4 3 1 BB..M.....M..AA.FF......R..P..R..P..
5 3 2 BB..M.....M..AAPFFR..P..R...........
5 3 2 BB..M....PM..AAPFFR.....R...........
4 3 1 .BB..........AA...R...M.R..PM....P..
4 3 1 .BB..........AA...R.....R..PM....PM.
4 3 1 .BB.M.....M..AA...R..P..R..P........
4 3 1 .BBPM....PM..AA...R.....R...........
4 3 1 .BB.M.....M.RAA...R........P.....P..
4 3 1 .BB.M.R...M.RAA............P.....P..
4 3 1 RBB.M.R...M..AA............P.....P..
4 3 1 .BB.M.....M..AA.........R..P..R..P..
5 3 2 .BB.......M..AA.M.R.....R..P.....P..
5 3 2 .BB..........AA.M.R...M.R..P.....P..
5 3 2 .BB.M.....M..AAP..R..P..R...........
5 3 2 .BB.M....PM..AAP..R.....R...........
4 3 1 .BB.M.....M.RAA.FFR..P.....P........
4 3 1 .BB.M.R...M.RAA.FF...P.....P........
4 3 1 RBB.M.R...M..AA.FF...P.....P........
4 3 1 .BB.M.....M..AA.FF...P..R..P..R.....
4 3 1 .BBPM....PM.RAA.FFR.................
4 3 1 .BBPM.R..PM.RAA.FF..................
4 3 1 RBBPM.R..PM..AA.FF..................
4 3 1 .BBPM....PM..AA.FF......R.....R.....
5 3 2 .BB.M.....M.RAAPFFR..P..............
5 3 2 .BB.M....PM.RAAPFFR.................
5 3 2 .BB.M.R...M.RAAPFF...P..............
5 3 2 .BB.M.R..PM.RAAPFF..................
5 3 2 RBB.M.R...M.AA..FF.........P.....P..
5 3 2 RBB.M.R...M..AAPFF...P..............
5 3 2 RBB.M.R..PM..AAPFF..................
5 3 2 .BB.M.....M..AAPFF...P..R.....R.....
5 3 2 .BB.M....PM..AAPFF......R.....R.....
4 3 1 ..BBM.....M...AAFFR..P..R..P........
4 3 1 ..BBM.....M.R.AAFFR........P.....P..
4 3 1 ..BBM.R...M.R.AAFF.........P.....P..
4 3 1 R.BBM.R...M...AAFF.........P.....P..
4 3 1 ..BBM.....M...AAFF......R..P..R..P..
4 3 1 BB..M.....M...AAFFR..P..R..P........
4 3 1 BB..M.....M.R.AAFFR........P.....P..
4 3 1 BB..M.R...M.R.AAFF.........P.....P..
4 3 1 BB..M.....M...AAFF......R..P..R..P..
4 3 1 .BB.M.....M.R.AAFFR..P.....P........
4 3 1 .BB.M.R...M.R.AAFF...P.....P........
4 3 1 RBB.M.R...M...AAFF...P.....P........
4 3 1 .BB.M.....M...AAFF...P..R..P..R.....
3 3 0 ..BBM.....M....AA.R.....R..P.....P..
3 3 0 BB..M.....M....AA.R.....R..P.....P..
3 3 0 .BB.M.....M....AA.R..P..R..P........
3 3 0 .BB.M.....M.R..AA.R........P.....P..
3 3 0 .BB.M.R...M.R..AA..........P.....P..
3 3 0 RBB.M.R...M....AA..........P.....P..
3 3 0 .BB.M.....M....AA.......R..P..R..P..
4 3 1 ..BBM.....M...AA..R.....R..P.....P..
4 3 1 BB..M.....M...AA..R.....R..P.....P..
4 3 1 .BB.......M...AAM.R.....R..P.....P..
4 3 1 .BB...........AAM.R...M.R..P.....P..
4 3 1 .BB...........AA..R...M.R..PM....P..
4 3 1 .BB...........AA..R.....R..PM....PM.
4 3 1 .BB.M.....M...AA..R..P..R..P........
4 3 1 .BB.M.....M.R.AA..R........P.....P..
4 3 1 .BB.M.R...M.R.AA...........P.....P..
4 3 1 RBB.M.R...M...AA...........P.....P..
4 3 1 .BB.M.....M...AA........R..P..R..P..
3 3 0 ..BBM.....M.....AAR.....R..P.....P..
4 3 1 ..BB........AA....R...M.R..PM....P..
4 3 1 ..BB........AA....R.....R..PM....PM.
4 3 1 ..BBM.....M.AA....R..P..R..P........
4 3 1 ..BBM.....M.AA..........R..P..R..P..
5 3 2 ..BB......M.AA..M.R.....R..P.....P..
5 3 2 ..BB........AA..M.R...M.R..P.....P..
5 3 2 ..BBM.....M.AA.P..R..P..R...........
5 3 2 ..BBM....PM.AA.P..R.....R...........
3 3 0 BB..M.....M.....AAR.....R..P.....P..
4 3 1 BB..........AA....R...M.R..PM....P..
4 3 1 BB..........AA....R.....R..PM....PM.
4 3 1 BB..M.....M.AA....R..P..R..P........
4 3 1 BB.PM....PM.AA....R.....R...........
4 3 1 BB..M.....M.AA..........R..P..R..P..
5 3 2 BB........M.AA..M.R.....R..P.....P..
5 3 2 BB..........AA..M.R...M.R..P.....P..
5 3 2 BB..M.....M.AA.P..R..P..R...........
5 3 2 BB..M....PM.AA.P..R.....R...........
3 3 0 .BB............AA.R...M.R..PM....P..
3 3 0 .BB.............AAR...M.R..PM....P..
4 3 1 ...BB.......AA....R...M.R..PM....P..
4 3 1 ....BB......AA....R...M.R..PM....P..
4 3 1 .BB.........AA....R..PM.R..PM.......
4 3 1 .BBP.....P..AA....R...M.R...M.......
4 3 1 .BB.........AA........M.R..PM.R..P..
5 3 2 .BB.........AA.P..R..PM.R...M.......
5 3 2 .BB......P..AA.P..R...M.R...M.......
3 3 0 .BB............AA.R.....R..PM....PM.
3 3 0 .BB.............AAR.....R..PM....PM.
4 3 1 ...BB.......AA....R.....R..PM....PM.
4 3 1 ....BB......AA....R.....R..PM....PM.
4 3 1 .BB.........AA....R..P..R..PM.....M.
4 3 1 .BBP.....P..AA....R.....R...M.....M.
4 3 1 .BB.........AA..........R..PM.R..PM.
5 3 2 .BB.........AA.P..R..P..R...M.....M.
5 3 2 .BB......P..AA.P..R.....R...M.....M.
3 3 0 .BB.M.....M.....AAR..P..R..P........
4 3 1 .BB.M.....M.AA.......P..R..P..R.....
5 3 2 .BB.......M.AA..M.R..P..R..P........
5 3 2 .BB.........AA..M.R..PM.R..P........
3 3 0 .BBPM....PM....AA.R.....R...........
3 3 0 .BBPM....PM.....AAR.....R...........
4 3 1 .BBPM....PM...AA..R.....R...........
4 3 1 .BBPM....PM.AA..........R.....R.....
5 3 2 .BBP.....PM.AA..M.R.....R...........
5 3 2 .BBP.....P..AA..M.R...M.R...........
3 3 0 .BB.M.....M.....AA......R..P..R..P..
5 3 2 .BB.......M.AA..M.......R..P..R..P..
5 3 2 .BB.........AA..M.....M.R..P..R..P..
5 3 2 .BB.M.....M.AA.P.....P..R.....R.....
5 3 2 .BB.M....PM.AA.P........R.....R.....
5 3 2 ...BB.....M.AA..M.R.....R..P.....P..
5 3 2 ....BB....M.AA..M.R.....R..P.....P..
6 3 3 .BB.......M.AA.PM.R..P..R...........
6 3 3 .BB......PM.AA.PM.R.....R...........
5 3 2 ...BB.......AA..M.R...M.R..P.....P..
5 3 2 ....BB......AA..M.R...M.R..P.....P..
6 3 3 .BB.........AA.PM.R..PM.R...........
6 3 3 .BB......P..AA.PM.R...M.R...........
5 3 2 ..BB......M.AAFFM.R.....R..P.....P..
5 3 2 ..BB........AAFFM.R...M.R..P.....P..
5 3 2 ..BB........AAFF..R...M.R..PM....P..
5 3 2 ..BB........AAFF..R.....R..PM....PM.
5 3 2 ..BBM.....M.AAFF..R..P..R..P........
5 3 2 ..BBM.....M.AAFF........R..P..R..P..
5 3 2 ..BBM.....M.AA..FF...P..R..P..R.....
5 3 2 ..BBM.....M.AA.PFF...P..R.....R.....
5 3 2 ..BBM....PM.AA.PFF......R.....R.....
5 3 2 BB........M.AAFFM.R.....R..P.....P..
5 3 2 BB..........AAFFM.R...M.R..P.....P..
5 3 2 BB..........AAFF..R...M.R..PM....P..
5 3 2 BB..........AAFF..R.....R..PM....PM.
5 3 2 BB..M.....M.AAFF..R..P..R..P........
5 3 2 BB..M.....M.AAFF........R..P..R..P..
5 3 2 BB..M.....M.AA..FF...P..R..P..R.....
5 3 2 BB..M.....M.AA.PFF...P..R.....R.....
5 3 2 BB..M....PM.AA.PFF......R.....R.....
4 3 1 BB.PM....PM...AAFFR.....R...........
5 3 2 BB.PM....PM.AAFF..R.....R...........
5 3 2 BB.PM....PM.AA..FF......R.....R.....
5 3 2 ...BB.....M.AAFFM.R.....R..P.....P..
5 3 2 ....BB....M.AAFFM.R.....R..P.....P..
5 3 2 .BB.......M.AAFFM.R..P..R..P........
5 3 2 .BB.......M.AAFFM.......R..P..R..P..
5 3 2 ...BB.......AAFFM.R...M.R..P.....P..
5 3 2 ....BB......AAFFM.R...M.R..P.....P..
5 3 2 .BB.........AAFFM.R..PM.R..P........
5 3 2 .BB.........AAFFM.....M.R..P..R..P..
5 3 2 ...BB.......AAFF..R...M.R..PM....P..
5 3 2 ....BB......AAFF..R...M.R..PM....P..
5 3 2 .BB.........AAFF..R..PM.R..PM.......
5 3 2 .BB.........AAFF......M.R..PM.R..P..
5 3 2 ...BB.......AAFF..R.....R..PM....PM.
5 3 2 ....BB......AAFF..R.....R..PM....PM.
5 3 2 .BB.........AAFF..R..P..R..PM.....M.
5 3 2 .BB.........AAFF........R..PM.R..PM.
5 3 2 .BB.M.....M.AAFF.....P..R..P..R.....
4 3 1 .BBPM....PM.R.AAFFR.................
4 3 1 .BBPM.R..PM.R.AAFF..................
4 3 1 RBBPM.R..PM...AAFF..................
4 3 1 .BBPM....PM...AAFF......R.....R.....
5 3 2 .BBP.....PM.AAFFM.R.....R...........
5 3 2 .BBP.....P..AAFFM.R...M.R...........
5 3 2 .BBP.....P..AAFF..R...M.R...M.......
5 3 2 .BBP.....P..AAFF..R.....R...M.....M.
5 3 2 .BBPM....PM.AAFF........R.....R.....
5 4 1 ..BB.........AA...R...M.R..PM....P..
5 4 1 ..BB.........AA...R.....R..PM....PM.
5 4 1 ..BBM.....M..AA...R..P..R..P........
5 4 1 ..BBM.....M.RAA...R........P.....P..
5 4 1 ..BBM.R...M.RAA............P.....P..
5 4 1 R.BBM.R...M..AA............P.....P..
5 4 1 ..BBM.....M..AA.........R..P..R..P..
6 4 2 ..BB......M..AA.M.R.....R..P.....P..
6 4 2 ..BB.........AA.M.R...M.R..P.....P..
6 4 2 ..BBM.....M..AAP..R..P..R...........
6 4 2 ..BBM....PM..AAP..R.....R...........
5 4 1 ..BBM.....M.RAA.FFR..P.....P........
5 4 1 ..BBM.R...M.RAA.FF...P.....P........
5 4 1 R.BBM.R...M..AA.FF...P.....P........
5 4 1 ..BBM.....M..AA.FF...P..R..P..R.....
6 4 2 ..BBM.....M.RAAPFFR..P..............
6 4 2 ..BBM....PM.RAAPFFR.................
6 4 2 ..BBM.R...M.RAAPFF...P..............
6 4 2 ..BBM.R..PM.RAAPFF..................
6 4 2 R.BBM.R...M.AA..FF.........P.....P..
6 4 2 R.BBM.R...M..AAPFF...P..............
6 4 2 R.BBM.R..PM..AAPFF..................
6 4 2 ..BBM.....M..AAPFF...P..R.....R.....
6 4 2 ..BBM....PM..AAPFF......R.....R.....
5 4 1 BB...........AA...R...M.R..PM....P..
5 4 1 BB...........AA...R.....R..PM....PM.
5 4 1 BB..M.....M..AA...R..P..R..P........
5 4 1 BB.PM....PM..AA...R.....R...........
5 4 1 BB..M.....M.RAA...R........P.....P..
5 4 1 BB..M.R...M.RAA............P.....P..
5 4 1 BB..M.....M..AA.........R..P..R..P..
6 4 2 BB........M..AA.M.R.....R..P.....P..
6 4 2 BB...........AA.M.R...M.R..P.....P..
6 4 2 BB..M.....M..AAP..R..P..R...........
6 4 2 BB..M....PM..AAP..R.....R...........
5 4 1 BB..M.....M.RAA.FFR..P.....P........
5 4 1 BB..M.R...M.RAA.FF...P.....P........
5 4 1 BB..M.....M..AA.FF...P..R..P..R.....
5 4 1 BB.PM....PM.RAA.FFR.................
5 4 1 BB.PM.R..PM.RAA.FF..................
5 4 1 BB.PM....PM..AA.FF......R.....R.....
6 4 2 BB..M.....M.RAAPFFR..P..............
6 4 2 BB..M....PM.RAAPFFR.................
6 4 2 BB..M.R...M.RAAPFF...P..............
6 4 2 BB..M.R..PM.RAAPFF..................
6 4 2 BB..M.....M..AAPFF...P..R.....R.....
6 4 2 BB..M....PM..AAPFF......R.....R.....
5 4 1 ...BB........AA...R...M.R..PM....P..
5 4 1 ....BB.......AA...R...M.R..PM....P..
5 4 1 .BB..........AA...R..PM.R..PM.......
5 4 1 .BBP.....P...AA...R...M.R...M.......
5 4 1 .BB.........RAA...R...M....PM....P..
5 4 1 .BB...R.....RAA.......M....PM....P..
5 4 1 RBB...R......AA.......M....PM....P..
5 4 1 .BB..........AA.......M.R..PM.R..P..
6 4 2 .BB..........AAP..R..PM.R...M.......
6 4 2 .BB......P...AAP..R...M.R...M.......
5 4 1 ...BB........AA...R.....R..PM....PM.
5 4 1 ....BB.......AA...R.....R..PM....PM.
5 4 1 .BB..........AA...R..P..R..PM.....M.
5 4 1 .BBP.....P...AA...R.....R...M.....M.
5 4 1 .BB.........RAA...R........PM....PM.
5 4 1 .BB...R.....RAA............PM....PM.
5 4 1 RBB...R......AA............PM....PM.
5 4 1 .BB..........AA.........R..PM.R..PM.
6 4 2 .BB..........AAP..R..P..R...M.....M.
6 4 2 .BB......P...AAP..R.....R...M.....M.
5 4 1 .BB.M.....M.RAA...R..P.....P........
5 4 1 .BB.M.R...M.RAA......P.....P........
5 4 1 RBB.M.R...M..AA......P.....P........
5 4 1 .BB.M.....M..AA......P..R..P..R.....
6 4 2 .BB.......M..AA.M.R..P..R..P........
6 4 2 .BB..........AA.M.R..PM.R..P........
5 4 1 .BBPM....PM.RAA...R.................
5 4 1 .BBPM.R..PM.RAA.....................
5 4 1 RBBPM.R..PM..AA.....................
5 4 1 .BBPM....PM..AA.........R.....R.....
6 4 2 .BBP.....PM..AA.M.R.....R...........
6 4 2 .BBP.....P...AA.M.R...M.R...........
4 4 0 .BB.M.....M.R...AAR........P.....P..
6 4 2 .BB.......M.RAA.M.R........P.....P..
6 4 2 .BB.........RAA.M.R...M....P.....P..
6 4 2 .BB.M.....M.RAAP..R..P..............
6 4 2 .BB.M....PM.RAAP..R.................
4 4 0 .BB.M.R...M.R...AA.........P.....P..
6 4 2 .BB...R...M.RAA.M..........P.....P..
6 4 2 .BB...R.....RAA.M.....M....P.....P..
6 4 2 .BB.M.R...M.RAAP.....P..............
6 4 2 .BB.M.R..PM.RAAP....................
4 4 0 RBB.M.R...M.....AA.........P.....P..
5 4 1 RBB.M.R...M.AA.............P.....P..
6 4 2 RBB...R...M..AA.M..........P.....P..
6 4 2 RBB...R......AA.M.....M....P.....P..
6 4 2 RBB.M.R...M..AAP.....P..............
6 4 2 RBB.M.R..PM..AAP....................
6 4 2 .BB.......M..AA.M.......R..P..R..P..
6 4 2 .BB..........AA.M.....M.R..P..R..P..
6 4 2 .BB.M.....M..AAP.....P..R.....R.....
6 4 2 .BB.M....PM..AAP........R.....R.....
6 4 2 ...BB.....M..AA.M.R.....R..P.....P..
6 4 2 ....BB....M..AA.M.R.....R..P.....P..
6 4 2 .BB.......M..AAPM.R..P..R...........
6 4 2 .BB......PM..AAPM.R.....R...........
6 4 2 ...BB........AA.M.R...M.R..P.....P..
6 4 2 ....BB.......AA.M.R...M.R..P.....P..
6 4 2 .BB..........AAPM.R..PM.R...........
6 4 2 .BB......P...AAPM.R...M.R...........
6 4 2 RBB.M.R...M.AA..FF...P.....P........
6 4 2 RBBPM.R..PM.AA..FF..................
6 4 2 RBB.M.R...M.AAFF...........P.....P..
6 4 2 RBB.M.R...M.AA.PFF...P..............
6 4 2 RBB.M.R..PM.AA.PFF..................
5 4 1 ..BBM.....M.R.AAFFR..P.....P........
5 4 1 ..BBM.R...M.R.AAFF...P.....P........
5 4 1 R.BBM.R...M...AAFF...P.....P........
5 4 1 ..BBM.....M...AAFF...P..R..P..R.....
5 4 1 BB..M.....M.R.AAFFR..P.....P........
5 4 1 BB..M.R...M.R.AAFF...P.....P........
5 4 1 BB..M.....M...AAFF...P..R..P..R.....
4 4 0 ..BBM.....M....AA.R..P..R..P........
4 4 0 ..BBM.....M.R..AA.R........P.....P..
4 4 0 ..BBM.R...M.R..AA..........P.....P..
4 4 0 R.BBM.R...M....AA..........P.....P..
4 4 0 ..BBM.....M....AA.......R..P..R..P..
4 4 0 BB..M.....M....AA.R..P..R..P........
4 4 0 BB..M.....M.R..AA.R........P.....P..
4 4 0 BB..M.R...M.R..AA..........P.....P..
4 4 0 BB..M.....M....AA.......R..P..R..P..
4 4 0 .BB.M.....M.R..AA.R..P.....P........
4 4 0 .BB.M.R...M.R..AA....P.....P........
4 4 0 RBB.M.R...M....AA....P.....P........
4 4 0 .BB.M.....M....AA....P..R..P..R.....
5 4 1 ..BB......M...AAM.R.....R..P.....P..
5 4 1 ..BB..........AAM.R...M.R..P.....P..
5 4 1 ..BB..........AA..R...M.R..PM....P..
5 4 1 ..BB..........AA..R.....R..PM....PM.
5 4 1 ..BBM.....M...AA..R..P..R..P........
5 4 1 ..BBM.....M.R.AA..R........P.....P..
5 4 1 ..BBM.R...M.R.AA...........P.....P..
5 4 1 R.BBM.R...M...AA...........P.....P..
5 4 1 ..BBM.....M...AA........R..P..R..P..
5 4 1 BB........M...AAM.R.....R..P.....P..
5 4 1 BB............AAM.R...M.R..P.....P..
5 4 1 BB............AA..R...M.R..PM....P..
5 4 1 BB............AA..R.....R..PM....PM.
5 4 1 BB..M.....M...AA..R..P..R..P........
5 4 1 BB..M.....M.R.AA..R........P.....P..
5 4 1 BB..M.R...M.R.AA...........P.....P..
5 4 1 BB..M.....M...AA........R..P..R..P..
5 4 1 ...BB.....M...AAM.R.....R..P.....P..
5 4 1 ....BB....M...AAM.R.....R..P.....P..
5 4 1 .BB.......M...AAM.R..P..R..P........
5 4 1 .BB.......M.R.AAM.R........P.....P..
5 4 1 .BB...R...M.R.AAM..........P.....P..
5 4 1 RBB...R...M...AAM..........P.....P..
5 4 1 .BB.......M...AAM.......R..P..R..P..
5 4 1 ...BB.........AAM.R...M.R..P.....P..
5 4 1 ....BB........AAM.R...M.R..P.....P..
5 4 1 .BB...........AAM.R..PM.R..P........
5 4 1 .BB.........R.AAM.R...M....P.....P..
5 4 1 .BB...R.....R.AAM.....M....P.....P..
5 4 1 RBB...R.......AAM.....M....P.....P..
5 4 1 .BB...........AAM.....M.R..P..R..P..
5 4 1 ...BB.........AA..R...M.R..PM....P..
5 4 1 ....BB........AA..R...M.R..PM....P..
5 4 1 .BB...........AA..R..PM.R..PM.......
5 4 1 .BB.........R.AA..R...M....PM....P..
5 4 1 .BB...R.....R.AA......M....PM....P..
5 4 1 RBB...R.......AA......M....PM....P..
5 4 1 .BB...........AA......M.R..PM.R..P..
5 4 1 ...BB.........AA..R.....R..PM....PM.
5 4 1 ....BB........AA..R.....R..PM....PM.
5 4 1 .BB...........AA..R..P..R..PM.....M.
5 4 1 .BB.........R.AA..R........PM....PM.
5 4 1 .BB...R.....R.AA...........PM....PM.
5 4 1 RBB...R.......AA...........PM....PM.
5 4 1 .BB...........AA........R..PM.R..PM.
5 4 1 .BB.M.....M.R.AA..R..P.....P........
5 4 1 .BB.M.R...M.R.AA.....P.....P........
5 4 1 RBB.M.R...M...AA.....P.....P........
5 4 1 .BB.M.....M...AA.....P..R..P..R.....
4 4 0 ..BB...........AA.R...M.R..PM....P..
4 4 0 ..BB............AAR...M.R..PM....P..
5 4 1 ..BB........AA....R..PM.R..PM.......
5 4 1 ..BB........AA........M.R..PM.R..P..
6 4 2 ..BB........AA.P..R..PM.R...M.......
6 4 2 ..BB.....P..AA.P..R...M.R...M.......
4 4 0 ..BB...........AA.R.....R..PM....PM.
4 4 0 ..BB............AAR.....R..PM....PM.
5 4 1 ..BB........AA....R..P..R..PM.....M.
5 4 1 ..BB........AA..........R..PM.R..PM.
6 4 2 ..BB........AA.P..R..P..R...M.....M.
6 4 2 ..BB.....P..AA.P..R.....R...M.....M.
4 4 0 ..BBM.....M.....AAR..P..R..P........
5 4 1 ..BBM.....M.AA.......P..R..P..R.....
6 4 2 ..BB......M.AA..M.R..P..R..P........
6 4 2 ..BB........AA..M.R..PM.R..P........
4 4 0 ..BBM.....M.....AA......R..P..R..P..
6 4 2 ..BB......M.AA..M.......R..P..R..P..
6 4 2 ..BB........AA..M.....M.R..P..R..P..
6 4 2 ..BBM.....M.AA.P.....P..R.....R.....
6 4 2 ..BBM....PM.AA.P........R.....R.....
7 4 3 ..BB......M.AA.PM.R..P..R...........
7 4 3 ..BB.....PM.AA.PM.R.....R...........
7 4 3 ..BB........AA.PM.R..PM.R...........
7 4 3 ..BB.....P..AA.PM.R...M.R...........
4 4 0 BB.............AA.R...M.R..PM....P..
4 4 0 BB..............AAR...M.R..PM....P..
5 4 1 BB..........AA....R..PM.R..PM.......
5 4 1 BB.P.....P..AA....R...M.R...M.......
5 4 1 BB..........AA........M.R..PM.R..P..
6 4 2 BB..........AA.P..R..PM.R...M.......
6 4 2 BB.......P..AA.P..R...M.R...M.......
4 4 0 BB.............AA.R.....R..PM....PM.
4 4 0 BB..............AAR.....R..PM....PM.
5 4 1 BB..........AA....R..P..R..PM.....M.
5 4 1 BB.P.....P..AA....R.....R...M.....M.
5 4 1 BB..........AA..........R..PM.R..PM.
6 4 2 BB..........AA.P..R..P..R...M.....M.
6 4 2 BB.......P..AA.P..R.....R...M.....M.
4 4 0 BB..M.....M.....AAR..P..R..P........
5 4 1 BB..M.....M.AA.......P..R..P..R.....
6 4 2 BB........M.AA..M.R..P..R..P........
6 4 2 BB..........AA..M.R..PM.R..P........
4 4 0 BB.PM....PM....AA.R.....R...........
4 4 0 BB.PM....PM.....AAR.....R...........
5 4 1 BB.PM....PM...AA..R.....R...........
5 4 1 BB.PM....PM.AA..........R.....R.....
6 4 2 BB.P.....PM.AA..M.R.....R...........
6 4 2 BB.P.....P..AA..M.R...M.R...........
4 4 0 BB..M.....M.....AA......R..P..R..P..
6 4 2 BB........M.AA..M.......R..P..R..P..
6 4 2 BB..........AA..M.....M.R..P..R..P..
6 4 2 BB..M.....M.AA.P.....P..R.....R.....
6 4 2 BB..M....PM.AA.P........R.....R.....
7 4 3 BB........M.AA.PM.R..P..R...........
7 4 3 BB.......PM.AA.PM.R.....R...........
7 4 3 BB..........AA.PM.R..PM.R...........
7 4 3 BB.......P..AA.PM.R...M.R...........
4 4 0 ...BB..........AA.R...M.R..PM....P..
4 4 0 ....BB.........AA.R...M.R..PM....P..
4 4 0 .BB............AA.R..PM.R..PM.......
4 4 0 .BB.........R..AA.R...M....PM....P..
4 4 0 .BB...R.....R..AA.....M....PM....P..
4 4 0 RBB...R........AA.....M....PM....P..
4 4 0 .BB............AA.....M.R..PM.R..P..
4 4 0 ...BB...........AAR...M.R..PM....P..
5 4 1 ...BB.......AA....R..PM.R..PM.......
5 4 1 ...BB.......AA........M.R..PM.R..P..
6 4 2 ...BB.......AA.P..R..PM.R...M.......
6 4 2 ...BB....P..AA.P..R...M.R...M.......
4 4 0 ....BB..........AAR...M.R..PM....P..
5 4 1 ....BB......AA....R..PM.R..PM.......
5 4 1 ...PBB...P..AA....R...M.R...M.......
5 4 1 ....BB......AA........M.R..PM.R..P..
6 4 2 ....BB......AA.P..R..PM.R...M.......
6 4 2 ....BB...P..AA.P..R...M.R...M.......
4 4 0 .BB.............AAR..PM.R..PM.......
5 4 1 .BB.........AA.......PM.R..PM.R.....
4 4 0 .BBP.....P.....AA.R...M.R...M.......
4 4 0 .BBP.....P......AAR...M.R...M.......
5 4 1 .BBP.....P....AA..R...M.R...M.......
5 4 1 .BBP.....P..AA........M.R...M.R.....
4 4 0 .BB.............AA....M.R..PM.R..P..
6 4 2 .BB.........AA.P.....PM.R...M.R.....
6 4 2 .BB......P..AA.P......M.R...M.R.....
4 4 0 ...BB..........AA.R.....R..PM....PM.
4 4 0 ....BB.........AA.R.....R..PM....PM.
4 4 0 .BB............AA.R..P..R..PM.....M.
4 4 0 .BB.........R..AA.R........PM....PM.
4 4 0 .BB...R.....R..AA..........PM....PM.
4 4 0 RBB...R........AA..........PM....PM.
4 4 0 .BB............AA.......R..PM.R..PM.
4 4 0 ...BB...........AAR.....R..PM....PM.
5 4 1 ...BB.......AA....R..P..R..PM.....M.
5 4 1 ...BB.......AA..........R..PM.R..PM.
6 4 2 ...BB.......AA.P..R..P..R...M.....M.
6 4 2 ...BB....P..AA.P..R.....R...M.....M.
4 4 0 ....BB..........AAR.....R..PM....PM.
5 4 1 ....BB......AA....R..P..R..PM.....M.
5 4 1 ...PBB...P..AA....R.....R...M.....M.
5 4 1 ....BB......AA..........R..PM.R..PM.
6 4 2 ....BB......AA.P..R..P..R...M.....M.
6 4 2 ....BB...P..AA.P..R.....R...M.....M.
4 4 0 .BB.............AAR..P..R..PM.....M.
5 4 1 .BB.........AA.......P..R..PM.R...M.
4 4 0 .BBP.....P.....AA.R.....R...M.....M.
4 4 0 .BBP.....P......AAR.....R...M.....M.
5 4 1 .BBP.....P....AA..R.....R...M.....M.
5 4 1 .BBP.....P..AA..........R...M.R...M.
4 4 0 .BB.............AA......R..PM.R..PM.
6 4 2 .BB.........AA.P.....P..R...M.R...M.
6 4 2 .BB......P..AA.P........R...M.R...M.
4 4 0 .BB.M.....M.....AA...P..R..P..R.....
6 4 2 .BB.......M.AA..M....P..R..P..R.....
6 4 2 .BB.........AA..M....PM.R..P..R.....
6 4 2 ...BB.....M.AA..M.R..P..R..P........
6 4 2 ....BB....M.AA..M.R..P..R..P........
6 4 2 ...BB.......AA..M.R..PM.R..P........
6 4 2 ....BB......AA..M.R..PM.R..P........
4 4 0 .BBPM....PM.R..AA.R.................
4 4 0 .BBPM.R..PM.R..AA...................
4 4 0 RBBPM.R..PM....AA...................
4 4 0 .BBPM....PM....AA.......R.....R.....
5 4 1 .BBP.....PM...AAM.R.....R...........
5 4 1 .BBP.....P....AAM.R...M.R...........
5 4 1 .BBPM....PM.R.AA..R.................
5 4 1 .BBPM.R..PM.R.AA....................
5 4 1 RBBPM.R..PM...AA....................
5 4 1 .BBPM....PM...AA........R.....R.....
4 4 0 .BBPM....PM.....AA......R.....R.....
6 4 2 .BBP.....PM.AA..M.......R.....R.....
6 4 2 .BBP.....P..AA..M.....M.R.....R.....
6 4 2 ...BB.....M.AA..M.......R..P..R..P..
6 4 2 ....BB....M.AA..M.......R..P..R..P..
7 4 3 .BB.......M.AA.PM....P..R.....R.....
7 4 3 .BB......PM.AA.PM.......R.....R.....
6 4 2 ...BB.......AA..M.....M.R..P..R..P..
6 4 2 ....BB......AA..M.....M.R..P..R..P..
7 4 3 .BB.........AA.PM....PM.R.....R.....
7 4 3 .BB......P..AA.PM.....M.R.....R.....
7 4 3 ...BB.....M.AA.PM.R..P..R...........
7 4 3 ...BB....PM.AA.PM.R.....R...........
6 4 2 ...PBB...PM.AA..M.R.....R...........
7 4 3 ....BB....M.AA.PM.R..P..R...........
7 4 3 ....BB...PM.AA.PM.R.....R...........
7 4 3 ...BB.......AA.PM.R..PM.R...........
7 4 3 ...BB....P..AA.PM.R...M.R...........
6 4 2 ...PBB...P..AA..M.R...M.R...........
7 4 3 ....BB......AA.PM.R..PM.R...........
7 4 3 ....BB...P..AA.PM.R...M.R...........
6 4 2 ..BB......M.AAFFM.R..P..R..P........
6 4 2 ..BB......M.AAFFM.......R..P..R..P..
6 4 2 ..BB........AAFFM.R..PM.R..P........
6 4 2 ..BB........AAFFM.....M.R..P..R..P..
6 4 2 ..BB........AAFF..R..PM.R..PM.......
6 4 2 ..BB........AAFF......M.R..PM.R..P..
6 4 2 ..BB........AAFF..R..P..R..PM.....M.
6 4 2 ..BB........AAFF........R..PM.R..PM.
6 4 2 ..BBM.....M.AAFF.....P..R..P..R.....
6 4 2 BB........M.AAFFM.R..P..R..P........
6 4 2 BB........M.AAFFM.......R..P..R..P..
6 4 2 BB..........AAFFM.R..PM.R..P........
6 4 2 BB..........AAFFM.....M.R..P..R..P..
6 4 2 BB..........AAFF..R..PM.R..PM.......
6 4 2 BB..........AAFF......M.R..PM.R..P..
6 4 2 BB..........AAFF..R..P..R..PM.....M.
6 4 2 BB..........AAFF........R..PM.R..PM.
6 4 2 BB..M.....M.AAFF.....P..R..P..R.....
5 4 1 BB.PM....PM.R.AAFFR.................
5 4 1 BB.PM.R..PM.R.AAFF..................
5 4 1 BB.PM....PM...AAFF......R.....R.....
6 4 2 BB.P.....PM.AAFFM.R.....R...........
6 4 2 BB.P.....P..AAFFM.R...M.R...........
6 4 2 BB.P.....P..AAFF..R...M.R...M.......
6 4 2 BB.P.....P..AAFF..R.....R...M.....M.
6 4 2 BB.PM....PM.AAFF........R.....R.....
6 4 2 ...BB.....M.AAFFM.R..P..R..P........
6 4 2 ...BB.....M.AAFFM.......R..P..R..P..
6 4 2 ....BB....M.AAFFM.R..P..R..P........
6 4 2 ....BB....M.AAFFM.......R..P..R..P..
6 4 2 .BB.......M.AAFFM....P..R..P..R.....
6 4 2 ...BB.......AAFFM.R..PM.R..P........
6 4 2 ...BB.......AAFFM.....M.R..P..R..P..
6 4 2 ....BB......AAFFM.R..PM.R..P........
6 4 2 ....BB......AAFFM.....M.R..P..R..P..
6 4 2 .BB.........AAFFM....PM.R..P..R.....
6 4 2 ...BB.......AAFF..R..PM.R..PM.......
6 4 2 ...BB.......AAFF......M.R..PM.R..P..
6 4 2 ....BB......AAFF..R..PM.R..PM.......
6 4 2 ....BB......AAFF......M.R..PM.R..P..
6 4 2 .BB.........AAFF.....PM.R..PM.R.....
6 4 2 ...BB.......AAFF..R..P..R..PM.....M.
6 4 2 ...BB.......AAFF........R..PM.R..PM.
6 4 2 ....BB......AAFF..R..P..R..PM.....M.
6 4 2 ....BB......AAFF........R..PM.R..PM.
6 4 2 .BB.........AAFF.....P..R..PM.R...M.
6 4 2 .BBP.....PM.AAFFM.......R.....R.....
6 4 2 .BBP.....P..AAFFM.....M.R.....R.....
6 4 2 .BBP.....P..AAFF......M.R...M.R.....
6 4 2 .BBP.....P..AAFF........R...M.R...M.
6 5 1 ..BB.........AA...R..PM.R..PM.......
6 5 1 ..BB........RAA...R...M....PM....P..
6 5 1 ..BB..R.....RAA.......M....PM....P..
6 5 1 R.BB..R......AA.......M....PM....P..
6 5 1 ..BB.........AA.......M.R..PM.R..P..
7 5 2 ..BB.........AAP..R..PM.R...M.......
7 5 2 ..BB.....P...AAP..R...M.R...M.......
6 5 1 ..BB.........AA...R..P..R..PM.....M.
6 5 1 ..BB........RAA...R........PM....PM.
6 5 1 ..BB..R.....RAA............PM....PM.
6 5 1 R.BB..R......AA............PM....PM.
6 5 1 ..BB.........AA.........R..PM.R..PM.
7 5 2 ..BB.........AAP..R..P..R...M.....M.
7 5 2 ..BB.....P...AAP..R.....R...M.....M.
6 5 1 ..BBM.....M.RAA...R..P.....P........
6 5 1 ..BBM.R...M.RAA......P.....P........
6 5 1 R.BBM.R...M..AA......P.....P........
6 5 1 ..BBM.....M..AA......P..R..P..R.....
7 5 2 ..BB......M..AA.M.R..P..R..P........
7 5 2 ..BB.........AA.M.R..PM.R..P........
5 5 0 ..BBM.....M.R...AAR........P.....P..
7 5 2 ..BB......M.RAA.M.R........P.....P..
7 5 2 ..BB........RAA.M.R...M....P.....P..
7 5 2 ..BBM.....M.RAAP..R..P..............
7 5 2 ..BBM....PM.RAAP..R.................
5 5 0 ..BBM.R...M.R...AA.........P.....P..
7 5 2 ..BB..R...M.RAA.M..........P.....P..
7 5 2 ..BB..R.....RAA.M.....M....P.....P..
7 5 2 ..BBM.R...M.RAAP.....P..............
7 5 2 ..BBM.R..PM.RAAP....................
5 5 0 R.BBM.R...M.....AA.........P.....P..
6 5 1 R.BBM.R...M.AA.............P.....P..
7 5 2 R.BB..R...M..AA.M..........P.....P..
7 5 2 R.BB..R......AA.M.....M....P.....P..
7 5 2 R.BBM.R...M..AAP.....P..............
7 5 2 R.BBM.R..PM..AAP....................
7 5 2 ..BB......M..AA.M.......R..P..R..P..
7 5 2 ..BB.........AA.M.....M.R..P..R..P..
7 5 2 ..BBM.....M..AAP.....P..R.....R.....
7 5 2 ..BBM....PM..AAP........R.....R.....
7 5 2 ..BB......M..AAPM.R..P..R...........
7 5 2 ..BB.....PM..AAPM.R.....R...........
7 5 2 ..BB.........AAPM.R..PM.R...........
7 5 2 ..BB.....P...AAPM.R...M.R...........
7 5 2 R.BBM.R...M.AA..FF...P.....P........
7 5 2 R.BBM.R...M.AAFF...........P.....P..
7 5 2 R.BBM.R...M.AA.PFF...P..............
7 5 2 R.BBM.R..PM.AA.PFF..................
6 5 1 BB...........AA...R..PM.R..PM.......
6 5 1 BB.P.....P...AA...R...M.R...M.......
6 5 1 BB..........RAA...R...M....PM....P..
6 5 1 BB....R.....RAA.......M....PM....P..
6 5 1 BB...........AA.......M.R..PM.R..P..
7 5 2 BB...........AAP..R..PM.R...M.......
7 5 2 BB.......P...AAP..R...M.R...M.......
6 5 1 BB...........AA...R..P..R..PM.....M.
6 5 1 BB.P.....P...AA...R.....R...M.....M.
6 5 1 BB..........RAA...R........PM....PM.
6 5 1 BB....R.....RAA............PM....PM.
6 5 1 BB...........AA.........R..PM.R..PM.
7 5 2 BB...........AAP..R..P..R...M.....M.
7 5 2 BB.......P...AAP..R.....R...M.....M.
6 5 1 BB..M.....M.RAA...R..P.....P........
6 5 1 BB..M.R...M.RAA......P.....P........
6 5 1 BB..M.....M..AA......P..R..P..R.....
7 5 2 BB........M..AA.M.R..P..R..P........
7 5 2 BB...........AA.M.R..PM.R..P........
6 5 1 BB.PM....PM.RAA...R.................
6 5 1 BB.PM.R..PM.RAA.....................
6 5 1 BB.PM....PM..AA.........R.....R.....
7 5 2 BB.P.....PM..AA.M.R.....R...........
7 5 2 BB.P.....P...AA.M.R...M.R...........
5 5 0 BB..M.....M.R...AAR........P.....P..
7 5 2 BB........M.RAA.M.R........P.....P..
7 5 2 BB..........RAA.M.R...M....P.....P..
7 5 2 BB..M.....M.RAAP..R..P..............
7 5 2 BB..M....PM.RAAP..R.................
5 5 0 BB..M.R...M.R...AA.........P.....P..
7 5 2 BB....R...M.RAA.M..........P.....P..
7 5 2 BB....R.....RAA.M.....M....P.....P..
7 5 2 BB..M.R...M.RAAP.....P..............
7 5 2 BB..M.R..PM.RAAP....................
7 5 2 BB........M..AA.M.......R..P..R..P..
7 5 2 BB...........AA.M.....M.R..P..R..P..
7 5 2 BB..M.....M..AAP.....P..R.....R.....
7 5 2 BB..M....PM..AAP........R.....R.....
7 5 2 BB........M..AAPM.R..P..R...........
7 5 2 BB.......PM..AAPM.R.....R...........
7 5 2 BB...........AAPM.R..PM.R...........
7 5 2 BB.......P...AAPM.R...M.R...........
6 5 1 ...BB........AA...R..PM.R..PM.......
6 5 1 ...BB.......RAA...R...M....PM....P..
6 5 1 ...BB.R.....RAA.......M....PM....P..
6 5 1 R..BB.R......AA.......M....PM....P..
6 5 1 ...BB........AA.......M.R..PM.R..P..
7 5 2 ...BB........AAP..R..PM.R...M.......
7 5 2 ...BB....P...AAP..R...M.R...M.......
6 5 1 ....BB.......AA...R..PM.R..PM.......
6 5 1 ...PBB...P...AA...R...M.R...M.......
6 5 1 ....BB......RAA...R...M....PM....P..
6 5 1 ....BBR.....RAA.......M....PM....P..
6 5 1 R...BBR......AA.......M....PM....P..
6 5 1 ....BB.......AA.......M.R..PM.R..P..
7 5 2 ....BB.......AAP..R..PM.R...M.......
7 5 2 ....BB...P...AAP..R...M.R...M.......
6 5 1 .BB.........RAA...R..PM....PM.......
6 5 1 .BB...R.....RAA......PM....PM.......
6 5 1 RBB...R......AA......PM....PM.......
6 5 1 .BB..........AA......PM.R..PM.R.....
6 5 1 .BBP.....P..RAA...R...M.....M.......
6 5 1 .BBP..R..P..RAA.......M.....M.......
6 5 1 RBBP..R..P...AA.......M.....M.......
6 5 1 .BBP.....P...AA.......M.R...M.R.....
5 5 0 .BB.........R...AAR...M....PM....P..
7 5 2 .BB.........RAAP..R..PM.....M.......
7 5 2 .BB......P..RAAP..R...M.....M.......
5 5 0 .BB...R.....R...AA....M....PM....P..
7 5 2 .BB...R.....RAAP.....PM.....M.......
7 5 2 .BB...R..P..RAAP......M.....M.......
5 5 0 RBB...R.........AA....M....PM....P..
6 5 1 RBB...R.....AA........M....PM....P..
7 5 2 RBB...R......AAP.....PM.....M.......
7 5 2 RBB...R..P...AAP......M.....M.......
7 5 2 .BB..........AAP.....PM.R...M.R.....
7 5 2 .BB......P...AAP......M.R...M.R.....
6 5 1 ...BB........AA...R..P..R..PM.....M.
6 5 1 ...BB.......RAA...R........PM....PM.
6 5 1 ...BB.R.....RAA............PM....PM.
6 5 1 R..BB.R......AA............PM....PM.
6 5 1 ...BB........AA.........R..PM.R..PM.
7 5 2 ...BB........AAP..R..P..R...M.....M.
7 5 2 ...BB....P...AAP..R.....R...M.....M.
6 5 1 ....BB.......AA...R..P..R..PM.....M.
6 5 1 ...PBB...P...AA...R.....R...M.....M.
6 5 1 ....BB......RAA...R........PM....PM.
6 5 1 ....BBR.....RAA............PM....PM.
6 5 1 R...BBR......AA............PM....PM.
6 5 1 ....BB.......AA.........R..PM.R..PM.
7 5 2 ....BB.......AAP..R..P..R...M.....M.
7 5 2 ....BB...P...AAP..R.....R...M.....M.
6 5 1 .BB.........RAA...R..P.....PM.....M.
6 5 1 .BB...R.....RAA......P.....PM.....M.
6 5 1 RBB...R......AA......P.....PM.....M.
6 5 1 .BB..........AA......P..R..PM.R...M.
6 5 1 .BBP.....P..RAA...R.........M.....M.
6 5 1 .BBP..R..P..RAA.............M.....M.
6 5 1 RBBP..R..P...AA.............M.....M.
6 5 1 .BBP.....P...AA.........R...M.R...M.
5 5 0 .BB.........R...AAR........PM....PM.
7 5 2 .BB.........RAAP..R..P......M.....M.
7 5 2 .BB......P..RAAP..R.........M.....M.
5 5 0 .BB...R.....R...AA.........PM....PM.
7 5 2 .BB...R.....RAAP.....P......M.....M.
7 5 2 .BB...R..P..RAAP............M.....M.
5 5 0 RBB...R.........AA.........PM....PM.
6 5 1 RBB...R.....AA.............PM....PM.
7 5 2 RBB...R......AAP.....P......M.....M.
7 5 2 RBB...R..P...AAP............M.....M.
7 5 2 .BB..........AAP.....P..R...M.R...M.
7 5 2 .BB......P...AAP........R...M.R...M.
5 5 0 .BB.M.....M.R...AAR..P.....P........
7 5 2 .BB.......M.RAA.M.R..P.....P........
7 5 2 .BB.........RAA.M.R..PM....P........
5 5 0 .BB.M.R...M.R...AA...P.....P........
7 5 2 .BB...R...M.RAA.M....P.....P........
7 5 2 .BB...R.....RAA.M....PM....P........
5 5 0 RBB.M.R...M.....AA...P.....P........
6 5 1 RBB.M.R...M.AA.......P.....P........
7 5 2 RBB...R...M..AA.M....P.....P........
7 5 2 RBB...R......AA.M....PM....P........
7 5 2 .BB.......M..AA.M....P..R..P..R.....
7 5 2 .BB..........AA.M....PM.R..P..R.....
7 5 2 ...BB.....M..AA.M.R..P..R..P........
7 5 2 ....BB....M..AA.M.R..P..R..P........
7 5 2 ...BB........AA.M.R..PM.R..P........
7 5 2 ....BB.......AA.M.R..PM.R..P........
5 5 0 .BBPM....PM.R...AAR.................
7 5 2 .BBP.....PM.RAA.M.R.................
7 5 2 .BBP.....P..RAA.M.R...M.............
5 5 0 .BBPM.R..PM.R...AA..................
7 5 2 .BBP..R..PM.RAA.M...................
7 5 2 .BBP..R..P..RAA.M.....M.............
5 5 0 RBBPM.R..PM.....AA..................
6 5 1 RBBPM.R..PM.AA......................
7 5 2 RBBP..R..PM..AA.M...................
7 5 2 RBBP..R..P...AA.M.....M.............
7 5 2 .BBP.....PM..AA.M.......R.....R.....
7 5 2 .BBP.....P...AA.M.....M.R.....R.....
7 5 2 ...BB.....M.RAA.M.R........P.....P..
7 5 2 ....BB....M.RAA.M.R........P.....P..
7 5 2 .BB.......M.RAAPM.R..P..............
7 5 2 .BB......PM.RAAPM.R.................
7 5 2 ...BB.......RAA.M.R...M....P.....P..
7 5 2 ....BB......RAA.M.R...M....P.....P..
7 5 2 .BB.........RAAPM.R..PM.............
7 5 2 .BB......P..RAAPM.R...M.............
7 5 2 ...BB.R...M.RAA.M..........P.....P..
7 5 2 ....BBR...M.RAA.M..........P.....P..
7 5 2 .BB...R...M.RAAPM....P..............
7 5 2 .BB...R..PM.RAAPM...................
7 5 2 ...BB.R.....RAA.M.....M....P.....P..
7 5 2 ....BBR.....RAA.M.....M....P.....P..
7 5 2 .BB...R.....RAAPM....PM.............
7 5 2 .BB...R..P..RAAPM.....M.............
7 5 2 RBB...R...M.AA..M..........P.....P..
7 5 2 RBB...R.....AA..M.....M....P.....P..
7 5 2 RBB.M.R...M.AA.P.....P..............
7 5 2 RBB.M.R..PM.AA.P....................
7 5 2 R..BB.R...M..AA.M..........P.....P..
7 5 2 R...BBR...M..AA.M..........P.....P..
7 5 2 RBB...R...M..AAPM....P..............
7 5 2 RBB...R..PM..AAPM...................
7 5 2 R..BB.R......AA.M.....M....P.....P..
7 5 2 R...BBR......AA.M.....M....P.....P..
7 5 2 RBB...R......AAPM....PM.............
7 5 2 RBB...R..P...AAPM.....M.............
7 5 2 ...BB.....M..AA.M.......R..P..R..P..
7 5 2 ....BB....M..AA.M.......R..P..R..P..
7 5 2 .BB.......M..AAPM....P..R.....R.....
7 5 2 .BB......PM..AAPM.......R.....R.....
7 5 2 ...BB........AA.M.....M.R..P..R..P..
7 5 2 ....BB.......AA.M.....M.R..P..R..P..
7 5 2 .BB..........AAPM....PM.R.....R.....
7 5 2 .BB......P...AAPM.....M.R.....R.....
7 5 2 ...BB.....M..AAPM.R..P..R...........
7 5 2 ...BB....PM..AAPM.R.....R...........
7 5 2 ....BB....M..AAPM.R..P..R...........
7 5 2 ....BB...PM..AAPM.R.....R...........
7 5 2 ...PBB...PM..AA.M.R.....R...........
7 5 2 ...BB........AAPM.R..PM.R...........
7 5 2 ...BB....P...AAPM.R...M.R...........
7 5 2 ....BB.......AAPM.R..PM.R...........
7 5 2 ....BB...P...AAPM.R...M.R...........
7 5 2 ...PBB...P...AA.M.R...M.R...........
7 5 2 RBB.M.R...M.AAFF.....P.....P........
7 5 2 RBBPM.R..PM.AAFF....................
7 5 2 RBB...R...M.AAFFM..........P.....P..
7 5 2 RBB...R.....AAFFM.....M....P.....P..
7 5 2 RBB...R.....AAFF......M....PM....P..
7 5 2 RBB...R.....AAFF...........PM....PM.
5 5 0 ..BBM.....M.R..AA.R..P.....P........
5 5 0 ..BBM.R...M.R..AA....P.....P........
5 5 0 R.BBM.R...M....AA....P.....P........
5 5 0 ..BBM.....M....AA....P..R..P..R.....
5 5 0 BB..M.....M.R..AA.R..P.....P........
5 5 0 BB..M.R...M.R..AA....P.....P........
5 5 0 BB..M.....M....AA....P..R..P..R.....
6 5 1 ..BB......M...AAM.R..P..R..P........
6 5 1 ..BB......M.R.AAM.R........P.....P..
6 5 1 ..BB..R...M.R.AAM..........P.....P..
6 5 1 R.BB..R...M...AAM..........P.....P..
6 5 1 ..BB......M...AAM.......R..P..R..P..
6 5 1 ..BB..........AAM.R..PM.R..P........
6 5 1 ..BB........R.AAM.R...M....P.....P..
6 5 1 ..BB..R.....R.AAM.....M....P.....P..
6 5 1 R.BB..R.......AAM.....M....P.....P..
6 5 1 ..BB..........AAM.....M.R..P..R..P..
6 5 1 ..BB..........AA..R..PM.R..PM.......
6 5 1 ..BB........R.AA..R...M....PM....P..
6 5 1 ..BB..R.....R.AA......M....PM....P..
6 5 1 R.BB..R.......AA......M....PM....P..
6 5 1 ..BB..........AA......M.R..PM.R..P..
6 5 1 ..BB..........AA..R..P..R..PM.....M.
6 5 1 ..BB........R.AA..R........PM....PM.
6 5 1 ..BB..R.....R.AA...........PM....PM.
6 5 1 R.BB..R.......AA...........PM....PM.
6 5 1 ..BB..........AA........R..PM.R..PM.
6 5 1 ..BBM.....M.R.AA..R..P.....P........
6 5 1 ..BBM.R...M.R.AA.....P.....P........
6 5 1 R.BBM.R...M...AA.....P.....P........
6 5 1 ..BBM.....M...AA.....P..R..P..R.....
6 5 1 BB........M...AAM.R..P..R..P........
6 5 1 BB........M.R.AAM.R........P.....P..
6 5 1 BB....R...M.R.AAM..........P.....P..
6 5 1 BB........M...AAM.......R..P..R..P..
6 5 1 BB............AAM.R..PM.R..P........
6 5 1 BB..........R.AAM.R...M....P.....P..
6 5 1 BB....R.....R.AAM.....M....P.....P..
6 5 1 BB............AAM.....M.R..P..R..P..
6 5 1 BB............AA..R..PM.R..PM.......
6 5 1 BB..........R.AA..R...M....PM....P..
6 5 1 BB....R.....R.AA......M....PM....P..
6 5 1 BB............AA......M.R..PM.R..P..
6 5 1 BB............AA..R..P..R..PM.....M.
6 5 1 BB..........R.AA..R........PM....PM.
6 5 1 BB....R.....R.AA...........PM....PM.
6 5 1 BB............AA........R..PM.R..PM.
6 5 1 BB..M.....M.R.AA..R..P.....P........
6 5 1 BB..M.R...M.R.AA.....P.....P........
6 5 1 BB..M.....M...AA.....P..R..P..R.....
6 5 1 ...BB.....M...AAM.R..P..R..P........
6 5 1 ...BB.....M.R.AAM.R........P.....P..
6 5 1 ...BB.R...M.R.AAM..........P.....P..
6 5 1 R..BB.R...M...AAM..........P.....P..
6 5 1 ...BB.....M...AAM.......R..P..R..P..
6 5 1 ....BB....M...AAM.R..P..R..P........
6 5 1 ....BB....M.R.AAM.R........P.....P..
6 5 1 ....BBR...M.R.AAM..........P.....P..
6 5 1 R...BBR...M...AAM..........P.....P..
6 5 1 ....BB....M...AAM.......R..P..R..P..
6 5 1 .BB.......M.R.AAM.R..P.....P........
6 5 1 .BB...R...M.R.AAM....P.....P........
6 5 1 RBB...R...M...AAM....P.....P........
6 5 1 .BB.......M...AAM....P..R..P..R.....
6 5 1 ...BB.........AAM.R..PM.R..P........
6 5 1 ...BB.......R.AAM.R...M....P.....P..
6 5 1 ...BB.R.....R.AAM.....M....P.....P..
6 5 1 R..BB.R.......AAM.....M....P.....P..
6 5 1 ...BB.........AAM.....M.R..P..R..P..
6 5 1 ....BB........AAM.R..PM.R..P........
6 5 1 ....BB......R.AAM.R...M....P.....P..
6 5 1 ....BBR.....R.AAM.....M....P.....P..
6 5 1 R...BBR.......AAM.....M....P.....P..
6 5 1 ....BB........AAM.....M.R..P..R..P..
6 5 1 .BB.........R.AAM.R..PM....P........
6 5 1 .BB...R.....R.AAM....PM....P........
6 5 1 RBB...R.......AAM....PM....P........
6 5 1 .BB...........AAM....PM.R..P..R.....
6 5 1 ...BB.........AA..R..PM.R..PM.......
6 5 1 ...BB.......R.AA..R...M....PM....P..
6 5 1 ...BB.R.....R.AA......M....PM....P..
6 5 1 R..BB.R.......AA......M....PM....P..
6 5 1 ...BB.........AA......M.R..PM.R..P..
6 5 1 ....BB........AA..R..PM.R..PM.......
6 5 1 ....BB......R.AA..R...M....PM....P..
6 5 1 ....BBR.....R.AA......M....PM....P..
6 5 1 R...BBR.......AA......M....PM....P..
6 5 1 ....BB........AA......M.R..PM.R..P..
6 5 1 .BB.........R.AA..R..PM....PM.......
6 5 1 .BB...R.....R.AA.....PM....PM.......
6 5 1 RBB...R.......AA.....PM....PM.......
6 5 1 .BB...........AA.....PM.R..PM.R.....
6 5 1 ...BB.........AA..R..P..R..PM.....M.
6 5 1 ...BB.......R.AA..R........PM....PM.
6 5 1 ...BB.R.....R.AA...........PM....PM.
6 5 1 R..BB.R.......AA...........PM....PM.
6 5 1 ...BB.........AA........R..PM.R..PM.
6 5 1 ....BB........AA..R..P..R..PM.....M.
6 5 1 ....BB......R.AA..R........PM....PM.
6 5 1 ....BBR.....R.AA...........PM....PM.
6 5 1 R...BBR.......AA...........PM....PM.
6 5 1 ....BB........AA........R..PM.R..PM.
6 5 1 .BB.........R.AA..R..P.....PM.....M.
6 5 1 .BB...R.....R.AA.....P.....PM.....M.
6 5 1 RBB...R.......AA.....P.....PM.....M.
6 5 1 .BB...........AA.....P..R..PM.R...M.
5 5 0 ..BB...........AA.R..PM.R..PM.......
5 5 0 ..BB........R..AA.R...M....PM....P..
5 5 0 ..BB..R.....R..AA.....M....PM....P..
5 5 0 R.BB..R........AA.....M....PM....P..
5 5 0 ..BB...........AA.....M.R..PM.R..P..
5 5 0 ..BB............AAR..PM.R..PM.......
6 5 1 ..BB........AA.......PM.R..PM.R.....
5 5 0 ..BB............AA....M.R..PM.R..P..
7 5 2 ..BB........AA.P.....PM.R...M.R.....
7 5 2 ..BB.....P..AA.P......M.R...M.R.....
5 5 0 ..BB...........AA.R..P..R..PM.....M.
5 5 0 ..BB........R..AA.R........PM....PM.
5 5 0 ..BB..R.....R..AA..........PM....PM.
5 5 0 R.BB..R........AA..........PM....PM.
5 5 0 ..BB...........AA.......R..PM.R..PM.
5 5 0 ..BB............AAR..P..R..PM.....M.
6 5 1 ..BB........AA.......P..R..PM.R...M.
5 5 0 ..BB............AA......R..PM.R..PM.
7 5 2 ..BB........AA.P.....P..R...M.R...M.
7 5 2 ..BB.....P..AA.P........R...M.R...M.
5 5 0 ..BBM.....M.....AA...P..R..P..R.....
7 5 2 ..BB......M.AA..M....P..R..P..R.....
7 5 2 ..BB........AA..M....PM.R..P..R.....
8 5 3 ..BB......M.AA.PM....P..R.....R.....
8 5 3 ..BB.....PM.AA.PM.......R.....R.....
8 5 3 ..BB........AA.PM....PM.R.....R.....
8 5 3 ..BB.....P..AA.PM.....M.R.....R.....
5 5 0 BB.............AA.R..PM.R..PM.......
5 5 0 BB..........R..AA.R...M....PM....P..
5 5 0 BB....R.....R..AA.....M....PM....P..
5 5 0 BB.............AA.....M.R..PM.R..P..
5 5 0 BB..............AAR..PM.R..PM.......
6 5 1 BB..........AA.......PM.R..PM.R.....
5 5 0 BB.P.....P.....AA.R...M.R...M.......
5 5 0 BB.P.....P......AAR...M.R...M.......
6 5 1 BB.P.....P....AA..R...M.R...M.......
6 5 1 BB.P.....P..AA........M.R...M.R.....
5 5 0 BB..............AA....M.R..PM.R..P..
7 5 2 BB..........AA.P.....PM.R...M.R.....
7 5 2 BB.......P..AA.P......M.R...M.R.....
5 5 0 BB.............AA.R..P..R..PM.....M.
5 5 0 BB..........R..AA.R........PM....PM.
5 5 0 BB....R.....R..AA..........PM....PM.
5 5 0 BB.............AA.......R..PM.R..PM.
5 5 0 BB..............AAR..P..R..PM.....M.
6 5 1 BB..........AA.......P..R..PM.R...M.
5 5 0 BB.P.....P.....AA.R.....R...M.....M.
5 5 0 BB.P.....P......AAR.....R...M.....M.
6 5 1 BB.P.....P....AA..R.....R...M.....M.
6 5 1 BB.P.....P..AA..........R...M.R...M.
5 5 0 BB..............AA......R..PM.R..PM.
7 5 2 BB..........AA.P.....P..R...M.R...M.
7 5 2 BB.......P..AA.P........R...M.R...M.
5 5 0 BB..M.....M.....AA...P..R..P..R.....
7 5 2 BB........M.AA..M....P..R..P..R.....
7 5 2 BB..........AA..M....PM.R..P..R.....
5 5 0 BB.PM....PM.R..AA.R.................
5 5 0 BB.PM.R..PM.R..AA...................
5 5 0 BB.PM....PM....AA.......R.....R.....
6 5 1 BB.P.....PM...AAM.R.....R...........
6 5 1 BB.P.....P....AAM.R...M.R...........
6 5 1 BB.PM....PM.R.AA..R.................
6 5 1 BB.PM.R..PM.R.AA....................
6 5 1 BB.PM....PM...AA........R.....R.....
5 5 0 BB.PM....PM.....AA......R.....R.....
7 5 2 BB.P.....PM.AA..M.......R.....R.....
7 5 2 BB.P.....P..AA..M.....M.R.....R.....
8 5 3 BB........M.AA.PM....P..R.....R.....
8 5 3 BB.......PM.AA.PM.......R.....R.....
8 5 3 BB..........AA.PM....PM.R.....R.....
8 5 3 BB.......P..AA.PM.....M.R.....R.....
5 5 0 ...BB..........AA.R..PM.R..PM.......
5 5 0 ...BB.......R..AA.R...M....PM....P..
5 5 0 ...BB.R.....R..AA.....M....PM....P..
5 5 0 R..BB.R........AA.....M....PM....P..
5 5 0 ...BB..........AA.....M.R..PM.R..P..
5 5 0 ....BB.........AA.R..PM.R..PM.......
5 5 0 ....BB......R..AA.R...M....PM....P..
5 5 0 ....BBR.....R..AA.....M....PM....P..
5 5 0 R...BBR........AA.....M....PM....P..
5 5 0 ....BB.........AA.....M.R..PM.R..P..
5 5 0 .BB.........R..AA.R..PM....PM.......
5 5 0 .BB...R.....R..AA....PM....PM.......
5 5 0 RBB...R........AA....PM....PM.......
5 5 0 .BB............AA....PM.R..PM.R.....
5 5 0 ...BB...........AAR..PM.R..PM.......
6 5 1 ...BB.......AA.......PM.R..PM.R.....
5 5 0 ...BB...........AA....M.R..PM.R..P..
7 5 2 ...BB.......AA.P.....PM.R...M.R.....
7 5 2 ...BB....P..AA.P......M.R...M.R.....
5 5 0 ....BB..........AAR..PM.R..PM.......
6 5 1 ....BB......AA.......PM.R..PM.R.....
5 5 0 ...PBB...P.....AA.R...M.R...M.......
5 5 0 ...PBB...P......AAR...M.R...M.......
6 5 1 ...PBB...P....AA..R...M.R...M.......
6 5 1 ...PBB...P..AA........M.R...M.R.....
5 5 0 ....BB..........AA....M.R..PM.R..P..
7 5 2 ....BB......AA.P.....PM.R...M.R.....
7 5 2 ....BB...P..AA.P......M.R...M.R.....
5 5 0 .BB.............AA...PM.R..PM.R.....
5 5 0 .BBP.....P..R..AA.R...M.....M.......
5 5 0 .BBP..R..P..R..AA.....M.....M.......
5 5 0 RBBP..R..P.....AA.....M.....M.......
5 5 0 .BBP.....P.....AA.....M.R...M.R.....
6 5 1 .BBP.....P..R.AA..R...M.....M.......
6 5 1 .BBP..R..P..R.AA......M.....M.......
6 5 1 RBBP..R..P....AA......M.....M.......
6 5 1 .BBP.....P....AA......M.R...M.R.....
5 5 0 .BBP.....P......AA....M.R...M.R.....
5 5 0 ...BB..........AA.R..P..R..PM.....M.
5 5 0 ...BB.......R..AA.R........PM....PM.
5 5 0 ...BB.R.....R..AA..........PM....PM.
5 5 0 R..BB.R........AA..........PM....PM.
5 5 0 ...BB..........AA.......R..PM.R..PM.
5 5 0 ....BB.........AA.R..P..R..PM.....M.
5 5 0 ....BB......R..AA.R........PM....PM.
5 5 0 ....BBR.....R..AA..........PM....PM.
5 5 0 R...BBR........AA..........PM....PM.
5 5 0 ....BB.........AA.......R..PM.R..PM.
5 5 0 .BB.........R..AA.R..P.....PM.....M.
5 5 0 .BB...R.....R..AA....P.....PM.....M.
5 5 0 RBB...R........AA....P.....PM.....M.
5 5 0 .BB............AA....P..R..PM.R...M.
5 5 0 ...BB...........AAR..P..R..PM.....M.
6 5 1 ...BB.......AA.......P..R..PM.R...M.
5 5 0 ...BB...........AA......R..PM.R..PM.
7 5 2 ...BB.......AA.P.....P..R...M.R...M.
7 5 2 ...BB....P..AA.P........R...M.R...M.
5 5 0 ....BB..........AAR..P..R..PM.....M.
6 5 1 ....BB......AA.......P..R..PM.R...M.
5 5 0 ...PBB...P.....AA.R.....R...M.....M.
5 5 0 ...PBB...P......AAR.....R...M.....M.
6 5 1 ...PBB...P....AA..R.....R...M.....M.
6 5 1 ...PBB...P..AA..........R...M.R...M.
5 5 0 ....BB..........AA......R..PM.R..PM.
7 5 2 ....BB......AA.P.....P..R...M.R...M.
7 5 2 ....BB...P..AA.P........R...M.R...M.
5 5 0 .BB.............AA...P..R..PM.R...M.
5 5 0 .BBP.....P..R..AA.R.........M.....M.
5 5 0 .BBP..R..P..R..AA...........M.....M.
5 5 0 RBBP..R..P.....AA...........M.....M.
5 5 0 .BBP.....P.....AA.......R...M.R...M.
6 5 1 .BBP.....P..R.AA..R.........M.....M.
6 5 1 .BBP..R..P..R.AA............M.....M.
6 5 1 RBBP..R..P....AA............M.....M.
6 5 1 .BBP.....P....AA........R...M.R...M.
5 5 0 .BBP.....P......AA......R...M.R...M.
7 5 2 ...BB.....M.AA..M....P..R..P..R.....
7 5 2 ....BB....M.AA..M....P..R..P..R.....
7 5 2 ...BB.......AA..M....PM.R..P..R.....
7 5 2 ....BB......AA..M....PM.R..P..R.....
6 5 1 .BBP.....PM.R.AAM.R.................
6 5 1 .BBP..R..PM.R.AAM...................
6 5 1 RBBP..R..PM...AAM...................
6 5 1 .BBP.....PM...AAM.......R.....R.....
6 5 1 .BBP.....P..R.AAM.R...M.............
6 5 1 .BBP..R..P..R.AAM.....M.............
6 5 1 RBBP..R..P....AAM.....M.............
6 5 1 .BBP.....P....AAM.....M.R.....R.....
8 5 3 ...BB.....M.AA.PM....P..R.....R.....
8 5 3 ...BB....PM.AA.PM.......R.....R.....
7 5 2 ...PBB...PM.AA..M.......R.....R.....
8 5 3 ....BB....M.AA.PM....P..R.....R.....
8 5 3 ....BB...PM.AA.PM.......R.....R.....
8 5 3 ...BB.......AA.PM....PM.R.....R.....
8 5 3 ...BB....P..AA.PM.....M.R.....R.....
7 5 2 ...PBB...P..AA..M.....M.R.....R.....
8 5 3 ....BB......AA.PM....PM.R.....R.....
8 5 3 ....BB...P..AA.PM.....M.R.....R.....
6 5 1 ...PBB...PM...AAM.R.....R...........
6 5 1 ...PBB...P....AAM.R...M.R...........
7 5 2 ..BB......M.AAFFM....P..R..P..R.....
7 5 2 ..BB........AAFFM....PM.R..P..R.....
7 5 2 ..BB........AAFF.....PM.R..PM.R.....
7 5 2 ..BB........AAFF.....P..R..PM.R...M.
7 5 2 BB........M.AAFFM....P..R..P..R.....
7 5 2 BB..........AAFFM....PM.R..P..R.....
7 5 2 BB..........AAFF.....PM.R..PM.R.....
7 5 2 BB..........AAFF.....P..R..PM.R...M.
7 5 2 BB.P.....PM.AAFFM.......R.....R.....
7 5 2 BB.P.....P..AAFFM.....M.R.....R.....
7 5 2 BB.P.....P..AAFF......M.R...M.R.....
7 5 2 BB.P.....P..AAFF........R...M.R...M.
7 5 2 ...BB.....M.AAFFM....P..R..P..R.....
7 5 2 ....BB....M.AAFFM....P..R..P..R.....
7 5 2 ...BB.......AAFFM....PM.R..P..R.....
7 5 2 ....BB......AAFFM....PM.R..P..R.....
7 5 2 ...BB.......AAFF.....PM.R..PM.R.....
7 5 2 ....BB......AAFF.....PM.R..PM.R.....
7 5 2 ...BB.......AAFF.....P..R..PM.R...M.
7 5 2 ....BB......AAFF.....P..R..PM.R...M.
7 6 1 ..BB........RAA...R..PM....PM.......
7 6 1 ..BB..R.....RAA......PM....PM.......
7 6 1 R.BB..R......AA......PM....PM.......
7 6 1 ..BB.........AA......PM.R..PM.R.....
6 6 0 ..BB........R...AAR...M....PM....P..
8 6 2 ..BB........RAAP..R..PM.....M.......
8 6 2 ..BB.....P..RAAP..R...M.....M.......
6 6 0 ..BB..R.....R...AA....M....PM....P..
8 6 2 ..BB..R.....RAAP.....PM.....M.......
8 6 2 ..BB..R..P..RAAP......M.....M.......
6 6 0 R.BB..R.........AA....M....PM....P..
7 6 1 R.BB..R.....AA........M....PM....P..
8 6 2 R.BB..R......AAP.....PM.....M.......
8 6 2 R.BB..R..P...AAP......M.....M.......
8 6 2 ..BB.........AAP.....PM.R...M.R.....
8 6 2 ..BB.....P...AAP......M.R...M.R.....
7 6 1 ..BB........RAA...R..P.....PM.....M.
7 6 1 ..BB..R.....RAA......P.....PM.....M.
7 6 1 R.BB..R......AA......P.....PM.....M.
7 6 1 ..BB.........AA......P..R..PM.R...M.
6 6 0 ..BB........R...AAR........PM....PM.
8 6 2 ..BB........RAAP..R..P......M.....M.
8 6 2 ..BB.....P..RAAP..R.........M.....M.
6 6 0 ..BB..R.....R...AA.........PM....PM.
8 6 2 ..BB..R.....RAAP.....P......M.....M.
8 6 2 ..BB..R..P..RAAP............M.....M.
6 6 0 R.BB..R.........AA.........PM....PM.
7 6 1 R.BB..R.....AA.............PM....PM.
8 6 2 R.BB..R......AAP.....P......M.....M.
8 6 2 R.BB..R..P...AAP............M.....M.
8 6 2 ..BB.........AAP.....P..R...M.R...M.
8 6 2 ..BB.....P...AAP........R...M.R...M.
6 6 0 ..BBM.....M.R...AAR..P.....P........
8 6 2 ..BB......M.RAA.M.R..P.....P........
8 6 2 ..BB........RAA.M.R..PM....P........
6 6 0 ..BBM.R...M.R...AA...P.....P........
8 6 2 ..BB..R...M.RAA.M....P.....P........
8 6 2 ..BB..R.....RAA.M....PM....P........
6 6 0 R.BBM.R...M.....AA...P.....P........
7 6 1 R.BBM.R...M.AA.......P.....P........
8 6 2 R.BB..R...M..AA.M....P.....P........
8 6 2 R.BB..R......AA.M....PM....P........
8 6 2 ..BB......M..AA.M....P..R..P..R.....
8 6 2 ..BB.........AA.M....PM.R..P..R.....
8 6 2 ..BB......M.RAAPM.R..P..............
8 6 2 ..BB.....PM.RAAPM.R.................
8 6 2 ..BB........RAAPM.R..PM.............
8 6 2 ..BB.....P..RAAPM.R...M.............
8 6 2 ..BB..R...M.RAAPM....P..............
8 6 2 ..BB..R..PM.RAAPM...................
8 6 2 ..BB..R.....RAAPM....PM.............
8 6 2 ..BB..R..P..RAAPM.....M.............
8 6 2 R.BB..R...M.AA..M..........P.....P..
8 6 2 R.BB..R.....AA..M.....M....P.....P..
8 6 2 R.BBM.R...M.AA.P.....P..............
8 6 2 R.BBM.R..PM.AA.P....................
8 6 2 R.BB..R...M..AAPM....P..............
8 6 2 R.BB..R..PM..AAPM...................
8 6 2 R.BB..R......AAPM....PM.............
8 6 2 R.BB..R..P...AAPM.....M.............
8 6 2 ..BB......M..AAPM....P..R.....R.....
8 6 2 ..BB.....PM..AAPM.......R.....R.....
8 6 2 ..BB.........AAPM....PM.R.....R.....
8 6 2 ..BB.....P...AAPM.....M.R.....R.....
8 6 2 R.BBM.R...M.AAFF.....P.....P........
8 6 2 R.BB..R...M.AAFFM..........P.....P..
8 6 2 R.BB..R.....AAFFM.....M....P.....P..
8 6 2 R.BB..R.....AAFF......M....PM....P..
8 6 2 R.BB..R.....AAFF...........PM....PM.
7 6 1 BB..........RAA...R..PM....PM.......
7 6 1 BB....R.....RAA......PM....PM.......
7 6 1 BB...........AA......PM.R..PM.R.....
7 6 1 BB.P.....P..RAA...R...M.....M.......
7 6 1 BB.P..R..P..RAA.......M.....M.......
7 6 1 BB.P.....P...AA.......M.R...M.R.....
6 6 0 BB..........R...AAR...M....PM....P..
8 6 2 BB..........RAAP..R..PM.....M.......
8 6 2 BB.......P..RAAP..R...M.....M.......
6 6 0 BB....R.....R...AA....M....PM....P..
8 6 2 BB....R.....RAAP.....PM.....M.......
8 6 2 BB....R..P..RAAP......M.....M.......
8 6 2 BB...........AAP.....PM.R...M.R.....
8 6 2 BB.......P...AAP......M.R...M.R.....
7 6 1 BB..........RAA...R..P.....PM.....M.
7 6 1 BB....R.....RAA......P.....PM.....M.
7 6 1 BB...........AA......P..R..PM.R...M.
7 6 1 BB.P.....P..RAA...R.........M.....M.
7 6 1 BB.P..R..P..RAA.............M.....M.
7 6 1 BB.P.....P...AA.........R...M.R...M.
6 6 0 BB..........R...AAR........PM....PM.
8 6 2 BB..........RAAP..R..P......M.....M.
8 6 2 BB.......P..RAAP..R.........M.....M.
6 6 0 BB....R.....R...AA.........PM....PM.
8 6 2 BB....R.....RAAP.....P......M.....M.
8 6 2 BB....R..P..RAAP............M.....M.
8 6 2 BB...........AAP.....P..R...M.R...M.
8 6 2 BB.......P...AAP........R...M.R...M.
6 6 0 BB..M.....M.R...AAR..P.....P........
8 6 2 BB........M.RAA.M.R..P.....P........
8 6 2 BB..........RAA.M.R..PM....P........
6 6 0 BB..M.R...M.R...AA...P.....P........
8 6 2 BB....R...M.RAA.M....P.....P........
8 6 2 BB....R.....RAA.M....PM....P........
8 6 2 BB........M..AA.M....P..R..P..R.....
8 6 2 BB...........AA.M....PM.R..P..R.....
6 6 0 BB.PM....PM.R...AAR.................
8 6 2 BB.P.....PM.RAA.M.R.................
8 6 2 BB.P.....P..RAA.M.R...M.............
6 6 0 BB.PM.R..PM.R...AA..................
8 6 2 BB.P..R..PM.RAA.M...................
8 6 2 BB.P..R..P..RAA.M.....M.............
8 6 2 BB.P.....PM..AA.M.......R.....R.....
8 6 2 BB.P.....P...AA.M.....M.R.....R.....
8 6 2 BB........M.RAAPM.R..P..............
8 6 2 BB.......PM.RAAPM.R.................
8 6 2 BB..........RAAPM.R..PM.............
8 6 2 BB.......P..RAAPM.R...M.............
8 6 2 BB....R...M.RAAPM....P..............
8 6 2 BB....R..PM.RAAPM...................
8 6 2 BB....R.....RAAPM....PM.............
8 6 2 BB....R..P..RAAPM.....M.............
8 6 2 BB........M..AAPM....P..R.....R.....
8 6 2 BB.......PM..AAPM.......R.....R.....
8 6 2 BB...........AAPM....PM.R.....R.....
8 6 2 BB.......P...AAPM.....M.R.....R.....
7 6 1 ...BB.......RAA...R..PM....PM.......
7 6 1 ...BB.R.....RAA......PM....PM.......
7 6 1 R..BB.R......AA......PM....PM.......
7 6 1 ...BB........AA......PM.R..PM.R.....
6 6 0 ...BB.......R...AAR...M....PM....P..
8 6 2 ...BB.......RAAP..R..PM.....M.......
8 6 2 ...BB....P..RAAP..R...M.....M.......
6 6 0 ...BB.R.....R...AA....M....PM....P..
8 6 2 ...BB.R.....RAAP.....PM.....M.......
8 6 2 ...BB.R..P..RAAP......M.....M.......
6 6 0 R..BB.R.........AA....M....PM....P..
7 6 1 R..BB.R.....AA........M....PM....P..
8 6 2 R..BB.R......AAP.....PM.....M.......
8 6 2 R..BB.R..P...AAP......M.....M.......
8 6 2 ...BB........AAP.....PM.R...M.R.....
8 6 2 ...BB....P...AAP......M.R...M.R.....
7 6 1 ....BB......RAA...R..PM....PM.......
7 6 1 ....BBR.....RAA......PM....PM.......
7 6 1 R...BBR......AA......PM....PM.......
7 6 1 ....BB.......AA......PM.R..PM.R.....
7 6 1 ...PBB...P..RAA...R...M.....M.......
7 6 1 ...PBBR..P..RAA.......M.....M.......
7 6 1 R..PBBR..P...AA.......M.....M.......
7 6 1 ...PBB...P...AA.......M.R...M.R.....
6 6 0 ....BB......R...AAR...M....PM....P..
8 6 2 ....BB......RAAP..R..PM.....M.......
8 6 2 ....BB...P..RAAP..R...M.....M.......
6 6 0 ....BBR.....R...AA....M....PM....P..
8 6 2 ....BBR.....RAAP.....PM.....M.......
8 6 2 ....BBR..P..RAAP......M.....M.......
6 6 0 R...BBR.........AA....M....PM....P..
7 6 1 R...BBR.....AA........M....PM....P..
8 6 2 R...BBR......AAP.....PM.....M.......
8 6 2 R...BBR..P...AAP......M.....M.......
8 6 2 ....BB.......AAP.....PM.R...M.R.....
8 6 2 ....BB...P...AAP......M.R...M.R.....
6 6 0 .BB.........R...AAR..PM....PM.......
6 6 0 .BB...R.....R...AA...PM....PM.......
6 6 0 RBB...R.........AA...PM....PM.......
7 6 1 RBB...R.....AA.......PM....PM.......
6 6 0 .BBP.....P..R...AAR...M.....M.......
6 6 0 .BBP..R..P..R...AA....M.....M.......
6 6 0 RBBP..R..P......AA....M.....M.......
7 6 1 RBBP..R..P..AA........M.....M.......
8 6 2 RBB...R.....AA.P.....PM.....M.......
8 6 2 RBB...R..P..AA.P......M.....M.......
7 6 1 ...BB.......RAA...R..P.....PM.....M.
7 6 1 ...BB.R.....RAA......P.....PM.....M.
7 6 1 R..BB.R......AA......P.....PM.....M.
7 6 1 ...BB........AA......P..R..PM.R...M.
6 6 0 ...BB.......R...AAR........PM....PM.
8 6 2 ...BB.......RAAP..R..P......M.....M.
8 6 2 ...BB....P..RAAP..R.........M.....M.
6 6 0 ...BB.R.....R...AA.........PM....PM.
8 6 2 ...BB.R.....RAAP.....P......M.....M.
8 6 2 ...BB.R..P..RAAP............M.....M.
6 6 0 R..BB.R.........AA.........PM....PM.
7 6 1 R..BB.R.....AA.............PM....PM.
8 6 2 R..BB.R......AAP.....P......M.....M.
8 6 2 R..BB.R..P...AAP............M.....M.
8 6 2 ...BB........AAP.....P..R...M.R...M.
8 6 2 ...BB....P...AAP........R...M.R...M.
7 6 1 ....BB......RAA...R..P.....PM.....M.
7 6 1 ....BBR.....RAA......P.....PM.....M.
7 6 1 R...BBR......AA......P.....PM.....M.
7 6 1 ....BB.......AA......P..R..PM.R...M.
7 6 1 ...PBB...P..RAA...R.........M.....M.
7 6 1 ...PBBR..P..RAA.............M.....M.
7 6 1 R..PBBR..P...AA.............M.....M.
7 6 1 ...PBB...P...AA.........R...M.R...M.
6 6 0 ....BB......R...AAR........PM....PM.
8 6 2 ....BB......RAAP..R..P......M.....M.
8 6 2 ....BB...P..RAAP..R.........M.....M.
6 6 0 ....BBR.....R...AA.........PM....PM.
8 6 2 ....BBR.....RAAP.....P......M.....M.
8 6 2 ....BBR..P..RAAP............M.....M.
6 6 0 R...BBR.........AA.........PM....PM.
7 6 1 R...BBR.....AA.............PM....PM.
8 6 2 R...BBR......AAP.....P......M.....M.
8 6 2 R...BBR..P...AAP............M.....M.
8 6 2 ....BB.......AAP.....P..R...M.R...M.
8 6 2 ....BB...P...AAP........R...M.R...M.
6 6 0 .BB.........R...AAR..P.....PM.....M.
6 6 0 .BB...R.....R...AA...P.....PM.....M.
6 6 0 RBB...R.........AA...P.....PM.....M.
7 6 1 RBB...R.....AA.......P.....PM.....M.
6 6 0 .BBP.....P..R...AAR.........M.....M.
6 6 0 .BBP..R..P..R...AA..........M.....M.
6 6 0 RBBP..R..P......AA..........M.....M.
7 6 1 RBBP..R..P..AA..............M.....M.
8 6 2 RBB...R.....AA.P.....P......M.....M.
8 6 2 RBB...R..P..AA.P............M.....M.
8 6 2 ...BB.....M.RAA.M.R..P.....P........
8 6 2 ....BB....M.RAA.M.R..P.....P........
8 6 2 ...BB.......RAA.M.R..PM....P........
8 6 2 ....BB......RAA.M.R..PM....P........
8 6 2 ...BB.R...M.RAA.M....P.....P........
8 6 2 ....BBR...M.RAA.M....P.....P........
8 6 2 ...BB.R.....RAA.M....PM....P........
8 6 2 ....BBR.....RAA.M....PM....P........
8 6 2 RBB...R...M.AA..M....P.....P........
8 6 2 RBB...R.....AA..M....PM....P........
8 6 2 R..BB.R...M..AA.M....P.....P........
8 6 2 R...BBR...M..AA.M....P.....P........
8 6 2 R..BB.R......AA.M....PM....P........
8 6 2 R...BBR......AA.M....PM....P........
8 6 2 ...BB.....M..AA.M....P..R..P..R.....
8 6 2 ....BB....M..AA.M....P..R..P..R.....
8 6 2 ...BB........AA.M....PM.R..P..R.....
8 6 2 ....BB.......AA.M....PM.R..P..R.....
8 6 2 RBBP..R..PM.AA..M...................
8 6 2 RBBP..R..P..AA..M.....M.............
8 6 2 ...BB.....M.RAAPM.R..P..............
8 6 2 ...BB....PM.RAAPM.R.................
8 6 2 ....BB....M.RAAPM.R..P..............
8 6 2 ....BB...PM.RAAPM.R.................
8 6 2 ...PBB...PM.RAA.M.R.................
8 6 2 ...BB.......RAAPM.R..PM.............
8 6 2 ...BB....P..RAAPM.R...M.............
8 6 2 ....BB......RAAPM.R..PM.............
8 6 2 ....BB...P..RAAPM.R...M.............
8 6 2 ...PBB...P..RAA.M.R...M.............
8 6 2 ...BB.R...M.RAAPM....P..............
8 6 2 ...BB.R..PM.RAAPM...................
8 6 2 ....BBR...M.RAAPM....P..............
8 6 2 ....BBR..PM.RAAPM...................
8 6 2 ...PBBR..PM.RAA.M...................
8 6 2 ...BB.R.....RAAPM....PM.............
8 6 2 ...BB.R..P..RAAPM.....M.............
8 6 2 ....BBR.....RAAPM....PM.............
8 6 2 ....BBR..P..RAAPM.....M.............
8 6 2 ...PBBR..P..RAA.M.....M.............
8 6 2 R..BB.R...M.AA..M..........P.....P..
8 6 2 R...BBR...M.AA..M..........P.....P..
9 6 3 RBB...R...M.AA.PM....P..............
9 6 3 RBB...R..PM.AA.PM...................
8 6 2 R..BB.R.....AA..M.....M....P.....P..
8 6 2 R...BBR.....AA..M.....M....P.....P..
9 6 3 RBB...R.....AA.PM....PM.............
9 6 3 RBB...R..P..AA.PM.....M.............
8 6 2 R..BB.R...M..AAPM....P..............
8 6 2 R..BB.R..PM..AAPM...................
8 6 2 R...BBR...M..AAPM....P..............
8 6 2 R...BBR..PM..AAPM...................
8 6 2 R..PBBR..PM..AA.M...................
8 6 2 R..BB.R......AAPM....PM.............
8 6 2 R..BB.R..P...AAPM.....M.............
8 6 2 R...BBR......AAPM....PM.............
8 6 2 R...BBR..P...AAPM.....M.............
8 6 2 R..PBBR..P...AA.M.....M.............
8 6 2 ...BB.....M..AAPM....P..R.....R.....
8 6 2 ...BB....PM..AAPM.......R.....R.....
8 6 2 ....BB....M..AAPM....P..R.....R.....
8 6 2 ....BB...PM..AAPM.......R.....R.....
8 6 2 ...PBB...PM..AA.M.......R.....R.....
8 6 2 ...BB........AAPM....PM.R.....R.....
8 6 2 ...BB....P...AAPM.....M.R.....R.....
8 6 2 ....BB.......AAPM....PM.R.....R.....
8 6 2 ....BB...P...AAPM.....M.R.....R.....
8 6 2 ...PBB...P...AA.M.....M.R.....R.....
8 6 2 RBB...R...M.AAFFM....P.....P........
8 6 2 RBB...R.....AAFFM....PM....P........
8 6 2 RBB...R.....AAFF.....PM....PM.......
8 6 2 RBB...R.....AAFF.....P.....PM.....M.
8 6 2 RBBP..R..PM.AAFFM...................
8 6 2 RBBP..R..P..AAFFM.....M.............
8 6 2 RBBP..R..P..AAFF......M.....M.......
8 6 2 RBBP..R..P..AAFF............M.....M.
8 6 2 R..BB.R...M.AAFFM..........P.....P..
8 6 2 R...BBR...M.AAFFM..........P.....P..
8 6 2 R..BB.R.....AAFFM.....M....P.....P..
8 6 2 R...BBR.....AAFFM.....M....P.....P..
8 6 2 R..BB.R.....AAFF......M....PM....P..
8 6 2 R...BBR.....AAFF......M....PM....P..
8 6 2 R..BB.R.....AAFF...........PM....PM.
8 6 2 R...BBR.....AAFF...........PM....PM.
7 6 1 ..BB......M.R.AAM.R..P.....P........
7 6 1 ..BB..R...M.R.AAM....P.....P........
7 6 1 R.BB..R...M...AAM....P.....P........
7 6 1 ..BB......M...AAM....P..R..P..R.....
7 6 1 ..BB........R.AAM.R..PM....P........
7 6 1 ..BB..R.....R.AAM....PM....P........
7 6 1 R.BB..R.......AAM....PM....P........
7 6 1 ..BB..........AAM....PM.R..P..R.....
7 6 1 ..BB........R.AA..R..PM....PM.......
7 6 1 ..BB..R.....R.AA.....PM....PM.......
7 6 1 R.BB..R.......AA.....PM....PM.......
7 6 1 ..BB..........AA.....PM.R..PM.R.....
7 6 1 ..BB........R.AA..R..P.....PM.....M.
7 6 1 ..BB..R.....R.AA.....P.....PM.....M.
7 6 1 R.BB..R.......AA.....P.....PM.....M.
7 6 1 ..BB..........AA.....P..R..PM.R...M.
7 6 1 BB........M.R.AAM.R..P.....P........
7 6 1 BB....R...M.R.AAM....P.....P........
7 6 1 BB........M...AAM....P..R..P..R.....
7 6 1 BB..........R.AAM.R..PM....P........
7 6 1 BB....R.....R.AAM....PM....P........
7 6 1 BB............AAM....PM.R..P..R.....
7 6 1 BB..........R.AA..R..PM....PM.......
7 6 1 BB....R.....R.AA.....PM....PM.......
7 6 1 BB............AA.....PM.R..PM.R.....
7 6 1 BB..........R.AA..R..P.....PM.....M.
7 6 1 BB....R.....R.AA.....P.....PM.....M.
7 6 1 BB............AA.....P..R..PM.R...M.
7 6 1 ...BB.....M.R.AAM.R..P.....P........
7 6 1 ...BB.R...M.R.AAM....P.....P........
7 6 1 R..BB.R...M...AAM....P.....P........
7 6 1 ...BB.....M...AAM....P..R..P..R.....
7 6 1 ....BB....M.R.AAM.R..P.....P........
7 6 1 ....BBR...M.R.AAM....P.....P........
7 6 1 R...BBR...M...AAM....P.....P........
7 6 1 ....BB....M...AAM....P..R..P..R.....
7 6 1 ...BB.......R.AAM.R..PM....P........
7 6 1 ...BB.R.....R.AAM....PM....P........
7 6 1 R..BB.R.......AAM....PM....P........
7 6 1 ...BB.........AAM....PM.R..P..R.....
7 6 1 ....BB......R.AAM.R..PM....P........
7 6 1 ....BBR.....R.AAM....PM....P........
7 6 1 R...BBR.......AAM....PM....P........
7 6 1 ....BB........AAM....PM.R..P..R.....
7 6 1 ...BB.......R.AA..R..PM....PM.......
7 6 1 ...BB.R.....R.AA.....PM....PM.......
7 6 1 R..BB.R.......AA.....PM....PM.......
7 6 1 ...BB.........AA.....PM.R..PM.R.....
7 6 1 ....BB......R.AA..R..PM....PM.......
7 6 1 ....BBR.....R.AA.....PM....PM.......
7 6 1 R...BBR.......AA.....PM....PM.......
7 6 1 ....BB........AA.....PM.R..PM.R.....
7 6 1 ...BB.......R.AA..R..P.....PM.....M.
7 6 1 ...BB.R.....R.AA.....P.....PM.....M.
7 6 1 R..BB.R.......AA.....P.....PM.....M.
7 6 1 ...BB.........AA.....P..R..PM.R...M.
7 6 1 ....BB......R.AA..R..P.....PM.....M.
7 6 1 ....BBR.....R.AA.....P.....PM.....M.
7 6 1 R...BBR.......AA.....P.....PM.....M.
7 6 1 ....BB........AA.....P..R..PM.R...M.
6 6 0 ..BB........R..AA.R..PM....PM.......
6 6 0 ..BB..R.....R..AA....PM....PM.......
6 6 0 R.BB..R........AA....PM....PM.......
6 6 0 ..BB...........AA....PM.R..PM.R.....
6 6 0 ..BB............AA...PM.R..PM.R.....
6 6 0 ..BB........R..AA.R..P.....PM.....M.
6 6 0 ..BB..R.....R..AA....P.....PM.....M.
6 6 0 R.BB..R........AA....P.....PM.....M.
6 6 0 ..BB...........AA....P..R..PM.R...M.
6 6 0 ..BB............AA...P..R..PM.R...M.
6 6 0 BB..........R..AA.R..PM....PM.......
6 6 0 BB....R.....R..AA....PM....PM.......
6 6 0 BB.............AA....PM.R..PM.R.....
6 6 0 BB..............AA...PM.R..PM.R.....
6 6 0 BB.P.....P..R..AA.R...M.....M.......
6 6 0 BB.P..R..P..R..AA.....M.....M.......
6 6 0 BB.P.....P.....AA.....M.R...M.R.....
7 6 1 BB.P.....P..R.AA..R...M.....M.......
7 6 1 BB.P..R..P..R.AA......M.....M.......
7 6 1 BB.P.....P....AA......M.R...M.R.....
6 6 0 BB.P.....P......AA....M.R...M.R.....
6 6 0 BB..........R..AA.R..P.....PM.....M.
6 6 0 BB....R.....R..AA....P.....PM.....M.
6 6 0 BB.............AA....P..R..PM.R...M.
6 6 0 BB..............AA...P..R..PM.R...M.
6 6 0 BB.P.....P..R..AA.R.........M.....M.
6 6 0 BB.P..R..P..R..AA...........M.....M.
6 6 0 BB.P.....P.....AA.......R...M.R...M.
7 6 1 BB.P.....P..R.AA..R.........M.....M.
7 6 1 BB.P..R..P..R.AA............M.....M.
7 6 1 BB.P.....P....AA........R...M.R...M.
6 6 0 BB.P.....P......AA......R...M.R...M.
7 6 1 BB.P.....PM.R.AAM.R.................
7 6 1 BB.P..R..PM.R.AAM...................
7 6 1 BB.P.....PM...AAM.......R.....R.....
7 6 1 BB.P.....P..R.AAM.R...M.............
7 6 1 BB.P..R..P..R.AAM.....M.............
7 6 1 BB.P.....P....AAM.....M.R.....R.....
6 6 0 ...BB.......R..AA.R..PM....PM.......
6 6 0 ...BB.R.....R..AA....PM....PM.......
6 6 0 R..BB.R........AA....PM....PM.......
6 6 0 ...BB..........AA....PM.R..PM.R.....
6 6 0 ....BB......R..AA.R..PM....PM.......
6 6 0 ....BBR.....R..AA....PM....PM.......
6 6 0 R...BBR........AA....PM....PM.......
6 6 0 ....BB.........AA....PM.R..PM.R.....
6 6 0 ...BB...........AA...PM.R..PM.R.....
6 6 0 ....BB..........AA...PM.R..PM.R.....
6 6 0 ...PBB...P..R..AA.R...M.....M.......
6 6 0 ...PBBR..P..R..AA.....M.....M.......
6 6 0 R..PBBR..P.....AA.....M.....M.......
6 6 0 ...PBB...P.....AA.....M.R...M.R.....
7 6 1 ...PBB...P..R.AA..R...M.....M.......
7 6 1 ...PBBR..P..R.AA......M.....M.......
7 6 1 R..PBBR..P....AA......M.....M.......
7 6 1 ...PBB...P....AA......M.R...M.R.....
6 6 0 ...PBB...P......AA....M.R...M.R.....
6 6 0 ...BB.......R..AA.R..P.....PM.....M.
6 6 0 ...BB.R.....R..AA....P.....PM.....M.
6 6 0 R..BB.R........AA....P.....PM.....M.
6 6 0 ...BB..........AA....P..R..PM.R...M.
6 6 0 ....BB......R..AA.R..P.....PM.....M.
6 6 0 ....BBR.....R..AA....P.....PM.....M.
6 6 0 R...BBR........AA....P.....PM.....M.
6 6 0 ....BB.........AA....P..R..PM.R...M.
6 6 0 ...BB...........AA...P..R..PM.R...M.
6 6 0 ....BB..........AA...P..R..PM.R...M.
6 6 0 ...PBB...P..R..AA.R.........M.....M.
6 6 0 ...PBBR..P..R..AA...........M.....M.
6 6 0 R..PBBR..P.....AA...........M.....M.
6 6 0 ...PBB...P.....AA.......R...M.R...M.
7 6 1 ...PBB...P..R.AA..R.........M.....M.
7 6 1 ...PBBR..P..R.AA............M.....M.
7 6 1 R..PBBR..P....AA............M.....M.
7 6 1 ...PBB...P....AA........R...M.R...M.
6 6 0 ...PBB...P......AA......R...M.R...M.
7 6 1 ...PBB...PM...AAM.......R.....R.....
7 6 1 ...PBB...P....AAM.....M.R.....R.....
7 6 1 ...PBB...PM.R.AAM.R.................
7 6 1 ...PBBR..PM.R.AAM...................
7 6 1 R..PBBR..PM...AAM...................
7 6 1 ...PBB...P..R.AAM.R...M.............
7 6 1 ...PBBR..P..R.AAM.....M.............
7 6 1 R..PBBR..P....AAM.....M.............
7 7 0 ..BB........R...AAR..PM....PM.......
7 7 0 ..BB..R.....R...AA...PM....PM.......
7 7 0 R.BB..R.........AA...PM....PM.......
8 7 1 R.BB..R.....AA.......PM....PM.......
9 7 2 R.BB..R.....AA.P.....PM.....M.......
9 7 2 R.BB..R..P..AA.P......M.....M.......
7 7 0 ..BB........R...AAR..P.....PM.....M.
7 7 0 ..BB..R.....R...AA...P.....PM.....M.
7 7 0 R.BB..R.........AA...P.....PM.....M.
8 7 1 R.BB..R.....AA.......P.....PM.....M.
9 7 2 R.BB..R.....AA.P.....P......M.....M.
9 7 2 R.BB..R..P..AA.P............M.....M.
9 7 2 R.BB..R...M.AA..M....P.....P........
9 7 2 R.BB..R.....AA..M....PM....P........
10 7 3 R.BB..R...M.AA.PM....P..............
10 7 3 R.BB..R..PM.AA.PM...................
10 7 3 R.BB..R.....AA.PM....PM.............
10 7 3 R.BB..R..P..AA.PM.....M.............
9 7 2 R.BB..R...M.AAFFM....P.....P........
9 7 2 R.BB..R.....AAFFM....PM....P........
9 7 2 R.BB..R.....AAFF.....PM....PM.......
9 7 2 R.BB..R.....AAFF.....P.....PM.....M.
7 7 0 BB..........R...AAR..PM....PM.......
7 7 0 BB....R.....R...AA...PM....PM.......
7 7 0 BB.P.....P..R...AAR...M.....M.......
7 7 0 BB.P..R..P..R...AA....M.....M.......
7 7 0 BB..........R...AAR..P.....PM.....M.
7 7 0 BB....R.....R...AA...P.....PM.....M.
7 7 0 BB.P.....P..R...AAR.........M.....M.
7 7 0 BB.P..R..P..R...AA..........M.....M.
7 7 0 ...BB.......R...AAR..PM....PM.......
7 7 0 ...BB.R.....R...AA...PM....PM.......
7 7 0 R..BB.R.........AA...PM....PM.......
8 7 1 R..BB.R.....AA.......PM....PM.......
9 7 2 R..BB.R.....AA.P.....PM.....M.......
9 7 2 R..BB.R..P..AA.P......M.....M.......
7 7 0 ....BB......R...AAR..PM....PM.......
7 7 0 ....BBR.....R...AA...PM....PM.......
7 7 0 R...BBR.........AA...PM....PM.......
8 7 1 R...BBR.....AA.......PM....PM.......
7 7 0 ...PBB...P..R...AAR...M.....M.......
7 7 0 ...PBBR..P..R...AA....M.....M.......
7 7 0 R..PBBR..P......AA....M.....M.......
8 7 1 R..PBBR..P..AA........M.....M.......
9 7 2 R...BBR.....AA.P.....PM.....M.......
9 7 2 R...BBR..P..AA.P......M.....M.......
7 7 0 ...BB.......R...AAR..P.....PM.....M.
7 7 0 ...BB.R.....R...AA...P.....PM.....M.
7 7 0 R..BB.R.........AA...P.....PM.....M.
8 7 1 R..BB.R.....AA.......P.....PM.....M.
9 7 2 R..BB.R.....AA.P.....P......M.....M.
9 7 2 R..BB.R..P..AA.P............M.....M.
7 7 0 ....BB......R...AAR..P.....PM.....M.
7 7 0 ....BBR.....R...AA...P.....PM.....M.
7 7 0 R...BBR.........AA...P.....PM.....M.
8 7 1 R...BBR.....AA.......P.....PM.....M.
7 7 0 ...PBB...P..R...AAR.........M.....M.
7 7 0 ...PBBR..P..R...AA..........M.....M.
7 7 0 R..PBBR..P......AA..........M.....M.
8 7 1 R..PBBR..P..AA..............M.....M.
9 7 2 R...BBR.....AA.P.....P......M.....M.
9 7 2 R...BBR..P..AA.P............M.....M.
9 7 2 R..BB.R...M.AA..M....P.....P........
9 7 2 R...BBR...M.AA..M....P.....P........
9 7 2 R..BB.R.....AA..M....PM....P........
9 7 2 R...BBR.....AA..M....PM....P........
10 7 3 R..BB.R...M.AA.PM....P..............
10 7 3 R..BB.R..PM.AA.PM...................
9 7 2 R..PBBR..PM.AA..M...................
10 7 3 R...BBR...M.AA.PM....P..............
10 7 3 R...BBR..PM.AA.PM...................
10 7 3 R..BB.R.....AA.PM....PM.............
10 7 3 R..BB.R..P..AA.PM.....M.............
9 7 2 R..PBBR..P..AA..M.....M.............
10 7 3 R...BBR.....AA.PM....PM.............
10 7 3 R...BBR..P..AA.PM.....M.............
9 7 2 R..BB.R...M.AAFFM....P.....P........
9 7 2 R...BBR...M.AAFFM....P.....P........
9 7 2 R..BB.R.....AAFFM....PM....P........
9 7 2 R...BBR.....AAFFM....PM....P........
9 7 2 R..BB.R.....AAFF.....PM....PM.......
9 7 2 R...BBR.....AAFF.....PM....PM.......
9 7 2 R..BB.R.....AAFF.....P.....PM.....M.
9 7 2 R...BBR.....AAFF.....P.....PM.....M.
