2 0 2 .BB.M.....M.AAVV.....R..P..R..P.....
3 1 2 ..BBM.....M.AAVV.....R..P..R..P.....
3 1 2 BB..M.....M.AAVV.....R..P..R..P.....
3 1 2 .BB.......M.AAVVM....R..P..R..P.....
3 1 2 .BB.........AAVVM....RM.P..R..P.....
3 1 2 .BB.........AAVV.....RM.P..RM.P.....
3 1 2 .BB.........AAVV.....R..P..RM.P...M.
3 1 2 .BB.M.....M.AAVV..P..R..P..R........
3 1 2 .BB.M.....M.AAVV........P..R..P..R..
2 1 1 .BB.M.....M.AA.......R..P..R..P.....
4 2 2 ..BB......M.AAVVM....R..P..R..P.....
4 2 2 ..BB........AAVVM....RM.P..R..P.....
4 2 2 ..BB........AAVV.....RM.P..RM.P.....
4 2 2 ..BB........AAVV.....R..P..RM.P...M.
4 2 2 ..BBM.....M.AAVV..P..R..P..R........
4 2 2 ..BBM.....M.AAVV........P..R..P..R..
3 2 1 ..BBM.....M.AA.......R..P..R..P.....
4 2 2 BB........M.AAVVM....R..P..R..P.....
4 2 2 BB..........AAVVM....RM.P..R..P.....
4 2 2 BB..........AAVV.....RM.P..RM.P.....
4 2 2 BB..........AAVV.....R..P..RM.P...M.
4 2 2 BB..M.....M.AAVV..P..R..P..R........
4 2 2 BB..M.....M.AAVV........P..R..P..R..
3 2 1 BB..M.....M.AA.......R..P..R..P.....
4 2 2 ...BB.....M.AAVVM....R..P..R..P.....
4 2 2 ....BB....M.AAVVM....R..P..R..P.....
4 2 2 .BB.......M.AAVVM.P..R..P..R........
4 2 2 .BB.......M.AAVVM.......P..R..P..R..
4 2 2 ...BB.......AAVVM....RM.P..R..P.....
4 2 2 ....BB......AAVVM....RM.P..R..P.....
4 2 2 .BB.........AAVVM.P..RM.P..R........
4 2 2 .BB.........AAVVM.....M.P..R..P..R..
4 2 2 ...BB.......AAVV.....RM.P..RM.P.....
4 2 2 ....BB......AAVV.....RM.P..RM.P.....
4 2 2 .BB.........AAVV..P..RM.P..RM.......
4 2 2 .BB.........AAVV......M.P..RM.P..R..
3 2 1 .BB.........AA.......RM.P..RM.P.....
4 2 2 ...BB.......AAVV.....R..P..RM.P...M.
4 2 2 ....BB......AAVV.....R..P..RM.P...M.
4 2 2 .BB.........AAVV..P..R..P..RM.....M.
4 2 2 .BB.........AAVV........P..RM.P..RM.
3 2 1 .BB.........AA.......R..P..RM.P...M.
4 2 2 .BB.M.....M.AAVV..P.....P..R.....R..
3 2 1 .BB.M.....M.AA....P..R..P..R........
3 2 1 .BB.M.....M.AA..........P..R..P..R..
2 2 0 .BB.M.....M.....AA...R..P..R..P.....
2 2 0 .BB.M.....M....AA....R..P..R..P.....
3 2 1 .BB.M.....M...AA.....R..P..R..P.....
3 2 1 .BB.M.....M..AA......R..P..R..P.....
4 2 2 .BB.......M.AA..M....R..P..R..P.....
4 2 2 .BB.........AA..M....RM.P..R..P.....
4 2 2 .BB.M.....M.AA.R.....R..P.....P.....
4 2 2 .BB.M....RM.AA.R........P.....P.....
3 2 1 .BBRM....RM.AA..........P.....P.....
5 3 2 ..BB......M.AAVVM.P..R..P..R........
5 3 2 ..BB......M.AAVVM.......P..R..P..R..
5 3 2 ..BB........AAVVM.P..RM.P..R........
5 3 2 ..BB........AAVVM.....M.P..R..P..R..
5 3 2 ..BB........AAVV..P..RM.P..RM.......
5 3 2 ..BB........AAVV......M.P..RM.P..R..
4 3 1 ..BB........AA.......RM.P..RM.P.....
5 3 2 ..BB........AAVV..P..R..P..RM.....M.
5 3 2 ..BB........AAVV........P..RM.P..RM.
4 3 1 ..BB........AA.......R..P..RM.P...M.
5 3 2 ..BBM.....M.AAVV..P.....P..R.....R..
4 3 1 ..BBM.....M.AA....P..R..P..R........
4 3 1 ..BBM.....M.AA..........P..R..P..R..
3 3 0 ..BBM.....M.....AA...R..P..R..P.....
3 3 0 ..BBM.....M....AA....R..P..R..P.....
4 3 1 ..BBM.....M...AA.....R..P..R..P.....
4 3 1 ..BBM.....M..AA......R..P..R..P.....
5 3 2 ..BB......M.AA..M....R..P..R..P.....
5 3 2 ..BB........AA..M....RM.P..R..P.....
5 3 2 ..BBM.....M.AA.R.....R..P.....P.....
5 3 2 ..BBM....RM.AA.R........P.....P.....
5 3 2 BB........M.AAVVM.P..R..P..R........
5 3 2 BB........M.AAVVM.......P..R..P..R..
5 3 2 BB..........AAVVM.P..RM.P..R........
5 3 2 BB..........AAVVM.....M.P..R..P..R..
5 3 2 BB..........AAVV..P..RM.P..RM.......
5 3 2 BB..........AAVV......M.P..RM.P..R..
4 3 1 BB..........AA.......RM.P..RM.P.....
5 3 2 BB..........AAVV..P..R..P..RM.....M.
5 3 2 BB..........AAVV........P..RM.P..RM.
4 3 1 BB..........AA.......R..P..RM.P...M.
5 3 2 BB..M.....M.AAVV..P.....P..R.....R..
4 3 1 BB..M.....M.AA....P..R..P..R........
4 3 1 BB..M.....M.AA..........P..R..P..R..
3 3 0 BB..M.....M.....AA...R..P..R..P.....
3 3 0 BB..M.....M....AA....R..P..R..P.....
4 3 1 BB..M.....M...AA.....R..P..R..P.....
4 3 1 BB..M.....M..AA......R..P..R..P.....
5 3 2 BB........M.AA..M....R..P..R..P.....
5 3 2 BB..........AA..M....RM.P..R..P.....
5 3 2 BB..M.....M.AA.R.....R..P.....P.....
5 3 2 BB..M....RM.AA.R........P.....P.....
4 3 1 BB.RM....RM.AA..........P.....P.....
5 3 2 ...BB.....M.AAVVM.P..R..P..R........
5 3 2 ...BB.....M.AAVVM.......P..R..P..R..
5 3 2 ....BB....M.AAVVM.P..R..P..R........
5 3 2 ....BB....M.AAVVM.......P..R..P..R..
5 3 2 .BB.......M.AAVVM.P.....P..R.....R..
5 3 2 ...BB.......AAVVM.P..RM.P..R........
5 3 2 ...BB.......AAVVM.....M.P..R..P..R..
5 3 2 ....BB......AAVVM.P..RM.P..R........
5 3 2 ....BB......AAVVM.....M.P..R..P..R..
5 3 2 .BB.........AAVVM.P...M.P..R.....R..
5 3 2 ...BB.......AAVV..P..RM.P..RM.......
5 3 2 ...BB.......AAVV......M.P..RM.P..R..
4 3 1 ...BB.......AA.......RM.P..RM.P.....
5 3 2 ....BB......AAVV..P..RM.P..RM.......
5 3 2 ....BB......AAVV......M.P..RM.P..R..
4 3 1 ....BB......AA.......RM.P..RM.P.....
5 3 2 .BB.........AAVV..P...M.P..RM....R..
4 3 1 .BB.........AA....P..RM.P..RM.......
4 3 1 .BB.........AA........M.P..RM.P..R..
3 3 0 .BB.............AA...RM.P..RM.P.....
3 3 0 .BB............AA....RM.P..RM.P.....
4 3 1 .BB...........AA.....RM.P..RM.P.....
4 3 1 .BB..........AA......RM.P..RM.P.....
5 3 2 .BB.........AA.R.....RM.P...M.P.....
5 3 2 .BB......R..AA.R......M.P...M.P.....
4 3 1 .BBR.....R..AA........M.P...M.P.....
5 3 2 ...BB.......AAVV..P..R..P..RM.....M.
5 3 2 ...BB.......AAVV........P..RM.P..RM.
4 3 1 ...BB.......AA.......R..P..RM.P...M.
5 3 2 ....BB......AAVV..P..R..P..RM.....M.
5 3 2 ....BB......AAVV........P..RM.P..RM.
4 3 1 ....BB......AA.......R..P..RM.P...M.
5 3 2 .BB.........AAVV..P.....P..RM....RM.
4 3 1 .BB.........AA....P..R..P..RM.....M.
4 3 1 .BB.........AA..........P..RM.P..RM.
3 3 0 .BB.............AA...R..P..RM.P...M.
3 3 0 .BB............AA....R..P..RM.P...M.
4 3 1 .BB...........AA.....R..P..RM.P...M.
4 3 1 .BB..........AA......R..P..RM.P...M.
5 3 2 .BB.........AA.R.....R..P...M.P...M.
5 3 2 .BB......R..AA.R........P...M.P...M.
4 3 1 .BBR.....R..AA..........P...M.P...M.
4 3 1 .BB.M.....M.AA....P.....P..R.....R..
3 3 0 .BB.M.....M.....AAP..R..P..R........
3 3 0 .BB.M.....M....AA.P..R..P..R........
4 3 1 .BB.M.....M...AA..P..R..P..R........
4 3 1 .BB.M.....M..AA...P..R..P..R........
5 3 2 .BB.......M.AA..M.P..R..P..R........
5 3 2 .BB.........AA..M.P..RM.P..R........
5 3 2 .BB.M.....M.AA.R..P..R..P...........
5 3 2 .BB.M....RM.AA.R..P.....P...........
4 3 1 .BBRM....RM.AA....P.....P...........
3 3 0 .BB.M.....M.....AA......P..R..P..R..
3 3 0 .BB.M.....M....AA.......P..R..P..R..
4 3 1 .BB.M.....M...AA........P..R..P..R..
4 3 1 .BB.M.....M..AA.........P..R..P..R..
5 3 2 .BB.......M.AA..M.......P..R..P..R..
5 3 2 .BB.........AA..M.....M.P..R..P..R..
3 3 0 .BB.M.....M.P..AA.P..R.....R........
3 3 0 .BB.M.P...M.P..AA....R.....R........
3 3 0 PBB.M.P...M....AA....R.....R........
4 3 1 .BB.......M...AAM....R..P..R..P.....
4 3 1 .BB...........AAM....RM.P..R..P.....
4 3 1 .BB.M.....M.P.AA..P..R.....R........
4 3 1 .BB.M.P...M.P.AA.....R.....R........
4 3 1 PBB.M.P...M...AA.....R.....R........
5 3 2 .BB.......M..AA.M....R..P..R..P.....
5 3 2 .BB..........AA.M....RM.P..R..P.....
4 3 1 .BB.M.....M.PAA...P..R.....R........
4 3 1 .BB.M.P...M.PAA......R.....R........
4 3 1 PBB.M.P...M..AA......R.....R........
5 3 2 .BB.M.....M..AAR.....R..P.....P.....
5 3 2 .BB.M....RM..AAR........P.....P.....
4 3 1 .BBRM....RM..AA.........P.....P.....
5 3 2 ...BB.....M.AA..M....R..P..R..P.....
5 3 2 ....BB....M.AA..M....R..P..R..P.....
6 3 3 .BB.......M.AA.RM....R..P.....P.....
6 3 3 .BB......RM.AA.RM.......P.....P.....
5 3 2 .BBR.....RM.AA..M.......P.....P.....
5 3 2 ...BB.......AA..M....RM.P..R..P.....
5 3 2 ....BB......AA..M....RM.P..R..P.....
6 3 3 .BB.........AA.RM....RM.P.....P.....
6 3 3 .BB......R..AA.RM.....M.P.....P.....
5 3 2 .BBR.....R..AA..M.....M.P.....P.....
3 3 0 .BBRM....RM.....AA......P.....P.....
3 3 0 .BBRM....RM....AA.......P.....P.....
4 3 1 .BBRM....RM...AA........P.....P.....
6 4 2 ..BB......M.AAVVM.P.....P..R.....R..
6 4 2 ..BB........AAVVM.P...M.P..R.....R..
6 4 2 ..BB........AAVV..P...M.P..RM....R..
5 4 1 ..BB........AA....P..RM.P..RM.......
5 4 1 ..BB........AA........M.P..RM.P..R..
4 4 0 ..BB............AA...RM.P..RM.P.....
4 4 0 ..BB...........AA....RM.P..RM.P.....
5 4 1 ..BB..........AA.....RM.P..RM.P.....
5 4 1 ..BB.........AA......RM.P..RM.P.....
6 4 2 ..BB........AA.R.....RM.P...M.P.....
6 4 2 ..BB.....R..AA.R......M.P...M.P.....
6 4 2 ..BB........AAVV..P.....P..RM....RM.
5 4 1 ..BB........AA....P..R..P..RM.....M.
5 4 1 ..BB........AA..........P..RM.P..RM.
4 4 0 ..BB............AA...R..P..RM.P...M.
4 4 0 ..BB...........AA....R..P..RM.P...M.
5 4 1 ..BB..........AA.....R..P..RM.P...M.
5 4 1 ..BB.........AA......R..P..RM.P...M.
6 4 2 ..BB........AA.R.....R..P...M.P...M.
6 4 2 ..BB.....R..AA.R........P...M.P...M.
5 4 1 ..BBM.....M.AA....P.....P..R.....R..
4 4 0 ..BBM.....M.....AAP..R..P..R........
4 4 0 ..BBM.....M....AA.P..R..P..R........
5 4 1 ..BBM.....M...AA..P..R..P..R........
5 4 1 ..BBM.....M..AA...P..R..P..R........
6 4 2 ..BB......M.AA..M.P..R..P..R........
6 4 2 ..BB........AA..M.P..RM.P..R........
6 4 2 ..BBM.....M.AA.R..P..R..P...........
6 4 2 ..BBM....RM.AA.R..P.....P...........
4 4 0 ..BBM.....M.....AA......P..R..P..R..
4 4 0 ..BBM.....M....AA.......P..R..P..R..
5 4 1 ..BBM.....M...AA........P..R..P..R..
5 4 1 ..BBM.....M..AA.........P..R..P..R..
6 4 2 ..BB......M.AA..M.......P..R..P..R..
6 4 2 ..BB........AA..M.....M.P..R..P..R..
4 4 0 ..BBM.....M.P..AA.P..R.....R........
4 4 0 ..BBM.P...M.P..AA....R.....R........
4 4 0 P.BBM.P...M....AA....R.....R........
5 4 1 ..BB......M...AAM....R..P..R..P.....
5 4 1 ..BB..........AAM....RM.P..R..P.....
5 4 1 ..BBM.....M.P.AA..P..R.....R........
5 4 1 ..BBM.P...M.P.AA.....R.....R........
5 4 1 P.BBM.P...M...AA.....R.....R........
6 4 2 ..BB......M..AA.M....R..P..R..P.....
6 4 2 ..BB.........AA.M....RM.P..R..P.....
5 4 1 ..BBM.....M.PAA...P..R.....R........
5 4 1 ..BBM.P...M.PAA......R.....R........
5 4 1 P.BBM.P...M..AA......R.....R........
6 4 2 ..BBM.....M..AAR.....R..P.....P.....
6 4 2 ..BBM....RM..AAR........P.....P.....
7 4 3 ..BB......M.AA.RM....R..P.....P.....
7 4 3 ..BB.....RM.AA.RM.......P.....P.....
7 4 3 ..BB........AA.RM....RM.P.....P.....
7 4 3 ..BB.....R..AA.RM.....M.P.....P.....
6 4 2 BB........M.AAVVM.P.....P..R.....R..
6 4 2 BB..........AAVVM.P...M.P..R.....R..
6 4 2 BB..........AAVV..P...M.P..RM....R..
5 4 1 BB..........AA....P..RM.P..RM.......
5 4 1 BB..........AA........M.P..RM.P..R..
4 4 0 BB..............AA...RM.P..RM.P.....
4 4 0 BB.............AA....RM.P..RM.P.....
5 4 1 BB............AA.....RM.P..RM.P.....
5 4 1 BB...........AA......RM.P..RM.P.....
6 4 2 BB..........AA.R.....RM.P...M.P.....
6 4 2 BB.......R..AA.R......M.P...M.P.....
5 4 1 BB.R.....R..AA........M.P...M.P.....
6 4 2 BB..........AAVV..P.....P..RM....RM.
5 4 1 BB..........AA....P..R..P..RM.....M.
5 4 1 BB..........AA..........P..RM.P..RM.
4 4 0 BB..............AA...R..P..RM.P...M.
4 4 0 BB.............AA....R..P..RM.P...M.
5 4 1 BB............AA.....R..P..RM.P...M.
5 4 1 BB...........AA......R..P..RM.P...M.
6 4 2 BB..........AA.R.....R..P...M.P...M.
6 4 2 BB.......R..AA.R........P...M.P...M.
5 4 1 BB.R.....R..AA..........P...M.P...M.
5 4 1 BB..M.....M.AA....P.....P..R.....R..
4 4 0 BB..M.....M.....AAP..R..P..R........
4 4 0 BB..M.....M....AA.P..R..P..R........
5 4 1 BB..M.....M...AA..P..R..P..R........
5 4 1 BB..M.....M..AA...P..R..P..R........
6 4 2 BB........M.AA..M.P..R..P..R........
6 4 2 BB..........AA..M.P..RM.P..R........
6 4 2 BB..M.....M.AA.R..P..R..P...........
6 4 2 BB..M....RM.AA.R..P.....P...........
5 4 1 BB.RM....RM.AA....P.....P...........
4 4 0 BB..M.....M.....AA......P..R..P..R..
4 4 0 BB..M.....M....AA.......P..R..P..R..
5 4 1 BB..M.....M...AA........P..R..P..R..
5 4 1 BB..M.....M..AA.........P..R..P..R..
6 4 2 BB........M.AA..M.......P..R..P..R..
6 4 2 BB..........AA..M.....M.P..R..P..R..
4 4 0 BB..M.....M.P..AA.P..R.....R........
4 4 0 BB..M.P...M.P..AA....R.....R........
5 4 1 BB........M...AAM....R..P..R..P.....
5 4 1 BB............AAM....RM.P..R..P.....
5 4 1 BB..M.....M.P.AA..P..R.....R........
5 4 1 BB..M.P...M.P.AA.....R.....R........
6 4 2 BB........M..AA.M....R..P..R..P.....
6 4 2 BB...........AA.M....RM.P..R..P.....
5 4 1 BB..M.....M.PAA...P..R.....R........
5 4 1 BB..M.P...M.PAA......R.....R........
6 4 2 BB..M.....M..AAR.....R..P.....P.....
6 4 2 BB..M....RM..AAR........P.....P.....
5 4 1 BB.RM....RM..AA.........P.....P.....
7 4 3 BB........M.AA.RM....R..P.....P.....
7 4 3 BB.......RM.AA.RM.......P.....P.....
6 4 2 BB.R.....RM.AA..M.......P.....P.....
7 4 3 BB..........AA.RM....RM.P.....P.....
7 4 3 BB.......R..AA.RM.....M.P.....P.....
6 4 2 BB.R.....R..AA..M.....M.P.....P.....
4 4 0 BB.RM....RM.....AA......P.....P.....
4 4 0 BB.RM....RM....AA.......P.....P.....
5 4 1 BB.RM....RM...AA........P.....P.....
6 4 2 ...BB.....M.AAVVM.P.....P..R.....R..
6 4 2 ....BB....M.AAVVM.P.....P..R.....R..
6 4 2 ...BB.......AAVVM.P...M.P..R.....R..
6 4 2 ....BB......AAVVM.P...M.P..R.....R..
6 4 2 ...BB.......AAVV..P...M.P..RM....R..
5 4 1 ...BB.......AA....P..RM.P..RM.......
5 4 1 ...BB.......AA........M.P..RM.P..R..
4 4 0 ...BB...........AA...RM.P..RM.P.....
4 4 0 ...BB..........AA....RM.P..RM.P.....
5 4 1 ...BB.........AA.....RM.P..RM.P.....
5 4 1 ...BB........AA......RM.P..RM.P.....
6 4 2 ...BB.......AA.R.....RM.P...M.P.....
6 4 2 ...BB....R..AA.R......M.P...M.P.....
6 4 2 ....BB......AAVV..P...M.P..RM....R..
5 4 1 ....BB......AA....P..RM.P..RM.......
5 4 1 ....BB......AA........M.P..RM.P..R..
4 4 0 ....BB..........AA...RM.P..RM.P.....
4 4 0 ....BB.........AA....RM.P..RM.P.....
5 4 1 ....BB........AA.....RM.P..RM.P.....
5 4 1 ....BB.......AA......RM.P..RM.P.....
6 4 2 ....BB......AA.R.....RM.P...M.P.....
6 4 2 ....BB...R..AA.R......M.P...M.P.....
5 4 1 ...RBB...R..AA........M.P...M.P.....
5 4 1 .BB.........AA....P...M.P..RM....R..
4 4 0 .BB.............AAP..RM.P..RM.......
4 4 0 .BB............AA.P..RM.P..RM.......
5 4 1 .BB...........AA..P..RM.P..RM.......
5 4 1 .BB..........AA...P..RM.P..RM.......
6 4 2 .BB.........AA.R..P..RM.P...M.......
6 4 2 .BB......R..AA.R..P...M.P...M.......
5 4 1 .BBR.....R..AA....P...M.P...M.......
4 4 0 .BB.............AA....M.P..RM.P..R..
4 4 0 .BB............AA.....M.P..RM.P..R..
5 4 1 .BB...........AA......M.P..RM.P..R..
5 4 1 .BB..........AA.......M.P..RM.P..R..
4 4 0 .BB.........P..AA.P..RM....RM.......
4 4 0 .BB...P.....P..AA....RM....RM.......
4 4 0 PBB...P........AA....RM....RM.......
5 4 1 .BB.........P.AA..P..RM....RM.......
5 4 1 .BB...P.....P.AA.....RM....RM.......
5 4 1 PBB...P.......AA.....RM....RM.......
5 4 1 .BB.........PAA...P..RM....RM.......
5 4 1 .BB...P.....PAA......RM....RM.......
5 4 1 PBB...P......AA......RM....RM.......
6 4 2 .BB..........AAR.....RM.P...M.P.....
6 4 2 .BB......R...AAR......M.P...M.P.....
5 4 1 .BBR.....R...AA.......M.P...M.P.....
4 4 0 .BBR.....R......AA....M.P...M.P.....
4 4 0 .BBR.....R.....AA.....M.P...M.P.....
5 4 1 .BBR.....R....AA......M.P...M.P.....
6 4 2 ...BB.......AAVV..P.....P..RM....RM.
5 4 1 ...BB.......AA....P..R..P..RM.....M.
5 4 1 ...BB.......AA..........P..RM.P..RM.
4 4 0 ...BB...........AA...R..P..RM.P...M.
4 4 0 ...BB..........AA....R..P..RM.P...M.
5 4 1 ...BB.........AA.....R..P..RM.P...M.
5 4 1 ...BB........AA......R..P..RM.P...M.
6 4 2 ...BB.......AA.R.....R..P...M.P...M.
6 4 2 ...BB....R..AA.R........P...M.P...M.
6 4 2 ....BB......AAVV..P.....P..RM....RM.
5 4 1 ....BB......AA....P..R..P..RM.....M.
5 4 1 ....BB......AA..........P..RM.P..RM.
4 4 0 ....BB..........AA...R..P..RM.P...M.
4 4 0 ....BB.........AA....R..P..RM.P...M.
5 4 1 ....BB........AA.....R..P..RM.P...M.
5 4 1 ....BB.......AA......R..P..RM.P...M.
6 4 2 ....BB......AA.R.....R..P...M.P...M.
6 4 2 ....BB...R..AA.R........P...M.P...M.
5 4 1 ...RBB...R..AA..........P...M.P...M.
5 4 1 .BB.........AA....P.....P..RM....RM.
4 4 0 .BB.............AAP..R..P..RM.....M.
4 4 0 .BB............AA.P..R..P..RM.....M.
5 4 1 .BB...........AA..P..R..P..RM.....M.
5 4 1 .BB..........AA...P..R..P..RM.....M.
6 4 2 .BB.........AA.R..P..R..P...M.....M.
6 4 2 .BB......R..AA.R..P.....P...M.....M.
5 4 1 .BBR.....R..AA....P.....P...M.....M.
4 4 0 .BB.............AA......P..RM.P..RM.
4 4 0 .BB............AA.......P..RM.P..RM.
5 4 1 .BB...........AA........P..RM.P..RM.
5 4 1 .BB..........AA.........P..RM.P..RM.
4 4 0 .BB.........P..AA.P..R.....RM.....M.
4 4 0 .BB...P.....P..AA....R.....RM.....M.
4 4 0 PBB...P........AA....R.....RM.....M.
5 4 1 .BB.........P.AA..P..R.....RM.....M.
5 4 1 .BB...P.....P.AA.....R.....RM.....M.
5 4 1 PBB...P.......AA.....R.....RM.....M.
5 4 1 .BB.........PAA...P..R.....RM.....M.
5 4 1 .BB...P.....PAA......R.....RM.....M.
5 4 1 PBB...P......AA......R.....RM.....M.
6 4 2 .BB..........AAR.....R..P...M.P...M.
6 4 2 .BB......R...AAR........P...M.P...M.
5 4 1 .BBR.....R...AA.........P...M.P...M.
4 4 0 .BBR.....R......AA......P...M.P...M.
4 4 0 .BBR.....R.....AA.......P...M.P...M.
5 4 1 .BBR.....R....AA........P...M.P...M.
4 4 0 .BB.M.....M.....AAP.....P..R.....R..
4 4 0 .BB.M.....M....AA.P.....P..R.....R..
5 4 1 .BB.M.....M...AA..P.....P..R.....R..
5 4 1 .BB.M.....M..AA...P.....P..R.....R..
6 4 2 .BB.......M.AA..M.P.....P..R.....R..
6 4 2 .BB.........AA..M.P...M.P..R.....R..
5 4 1 .BB.......M...AAM.P..R..P..R........
5 4 1 .BB...........AAM.P..RM.P..R........
6 4 2 .BB.......M..AA.M.P..R..P..R........
6 4 2 .BB..........AA.M.P..RM.P..R........
6 4 2 .BB.M.....M..AAR..P..R..P...........
6 4 2 .BB.M....RM..AAR..P.....P...........
5 4 1 .BBRM....RM..AA...P.....P...........
6 4 2 ...BB.....M.AA..M.P..R..P..R........
6 4 2 ....BB....M.AA..M.P..R..P..R........
7 4 3 .BB.......M.AA.RM.P..R..P...........
7 4 3 .BB......RM.AA.RM.P.....P...........
6 4 2 .BBR.....RM.AA..M.P.....P...........
6 4 2 ...BB.......AA..M.P..RM.P..R........
6 4 2 ....BB......AA..M.P..RM.P..R........
7 4 3 .BB.........AA.RM.P..RM.P...........
7 4 3 .BB......R..AA.RM.P...M.P...........
6 4 2 .BBR.....R..AA..M.P...M.P...........
4 4 0 .BBRM....RM.....AAP.....P...........
4 4 0 .BBRM....RM....AA.P.....P...........
5 4 1 .BBRM....RM...AA..P.....P...........
4 4 0 .BB.M.....M.P..AA.P........R.....R..
4 4 0 .BB.M.P...M.P..AA..........R.....R..
4 4 0 PBB.M.P...M....AA..........R.....R..
5 4 1 .BB.......M...AAM.......P..R..P..R..
5 4 1 .BB...........AAM.....M.P..R..P..R..
5 4 1 .BB.M.....M.P.AA..P........R.....R..
5 4 1 .BB.M.P...M.P.AA...........R.....R..
5 4 1 PBB.M.P...M...AA...........R.....R..
6 4 2 .BB.......M..AA.M.......P..R..P..R..
6 4 2 .BB..........AA.M.....M.P..R..P..R..
5 4 1 .BB.M.....M.PAA...P........R.....R..
5 4 1 .BB.M.P...M.PAA............R.....R..
5 4 1 PBB.M.P...M..AA............R.....R..
6 4 2 ...BB.....M.AA..M.......P..R..P..R..
6 4 2 ....BB....M.AA..M.......P..R..P..R..
6 4 2 ...BB.......AA..M.....M.P..R..P..R..
6 4 2 ....BB......AA..M.....M.P..R..P..R..
4 4 0 .BB.M.....M.P...AAP..R.....R........
4 4 0 .BB.M.P...M.P...AA...R.....R........
4 4 0 PBB.M.P...M.....AA...R.....R........
5 4 1 PBB.M.P...M.AA.......R.....R........
5 4 1 ...BB.....M...AAM....R..P..R..P.....
5 4 1 ....BB....M...AAM....R..P..R..P.....
5 4 1 .BB.......M.P.AAM.P..R.....R........
5 4 1 .BB...P...M.P.AAM....R.....R........
5 4 1 PBB...P...M...AAM....R.....R........
5 4 1 ...BB.........AAM....RM.P..R..P.....
5 4 1 ....BB........AAM....RM.P..R..P.....
5 4 1 .BB.........P.AAM.P..RM....R........
5 4 1 .BB...P.....P.AAM....RM....R........
5 4 1 PBB...P.......AAM....RM....R........
6 4 2 ...BB.....M..AA.M....R..P..R..P.....
6 4 2 ....BB....M..AA.M....R..P..R..P.....
6 4 2 .BB.......M.PAA.M.P..R.....R........
6 4 2 .BB...P...M.PAA.M....R.....R........
6 4 2 PBB...P...M..AA.M....R.....R........
6 4 2 .BB.......M..AARM....R..P.....P.....
6 4 2 .BB......RM..AARM.......P.....P.....
6 4 2 .BBR.....RM..AA.M.......P.....P.....
6 4 2 ...BB........AA.M....RM.P..R..P.....
6 4 2 ....BB.......AA.M....RM.P..R..P.....
6 4 2 .BB.........PAA.M.P..RM....R........
6 4 2 .BB...P.....PAA.M....RM....R........
6 4 2 PBB...P......AA.M....RM....R........
6 4 2 .BB..........AARM....RM.P.....P.....
6 4 2 .BB......R...AARM.....M.P.....P.....
6 4 2 .BBR.....R...AA.M.....M.P.....P.....
6 4 2 .BB.M.....M.PAAR..P..R..............
6 4 2 .BB.M....RM.PAAR..P.................
5 4 1 .BBRM....RM.PAA...P.................
6 4 2 .BB.M.P...M.PAAR.....R..............
6 4 2 .BB.M.P..RM.PAAR....................
5 4 1 .BBRM.P..RM.PAA.....................
6 4 2 PBB.M.P...M..AAR.....R..............
6 4 2 PBB.M.P..RM..AAR....................
5 4 1 PBBRM.P..RM..AA.....................
7 4 3 ...BB.....M.AA.RM....R..P.....P.....
7 4 3 ...BB....RM.AA.RM.......P.....P.....
7 4 3 ....BB....M.AA.RM....R..P.....P.....
7 4 3 ....BB...RM.AA.RM.......P.....P.....
6 4 2 ...RBB...RM.AA..M.......P.....P.....
5 4 1 .BBR.....RM...AAM.......P.....P.....
7 4 3 ...BB.......AA.RM....RM.P.....P.....
7 4 3 ...BB....R..AA.RM.....M.P.....P.....
7 4 3 ....BB......AA.RM....RM.P.....P.....
7 4 3 ....BB...R..AA.RM.....M.P.....P.....
6 4 2 ...RBB...R..AA..M.....M.P.....P.....
5 4 1 .BBR.....R....AAM.....M.P.....P.....
4 4 0 .BBRM....RM.P..AA.P.................
4 4 0 .BBRM.P..RM.P..AA...................
4 4 0 PBBRM.P..RM....AA...................
5 4 1 .BBRM....RM.P.AA..P.................
5 4 1 .BBRM.P..RM.P.AA....................
5 4 1 PBBRM.P..RM...AA....................
6 5 1 ..BB........AA....P...M.P..RM....R..
5 5 0 ..BB............AAP..RM.P..RM.......
5 5 0 ..BB...........AA.P..RM.P..RM.......
6 5 1 ..BB..........AA..P..RM.P..RM.......
6 5 1 ..BB.........AA...P..RM.P..RM.......
7 5 2 ..BB........AA.R..P..RM.P...M.......
7 5 2 ..BB.....R..AA.R..P...M.P...M.......
5 5 0 ..BB............AA....M.P..RM.P..R..
5 5 0 ..BB...........AA.....M.P..RM.P..R..
6 5 1 ..BB..........AA......M.P..RM.P..R..
6 5 1 ..BB.........AA.......M.P..RM.P..R..
5 5 0 ..BB........P..AA.P..RM....RM.......
5 5 0 ..BB..P.....P..AA....RM....RM.......
5 5 0 P.BB..P........AA....RM....RM.......
6 5 1 ..BB........P.AA..P..RM....RM.......
6 5 1 ..BB..P.....P.AA.....RM....RM.......
6 5 1 P.BB..P.......AA.....RM....RM.......
6 5 1 ..BB........PAA...P..RM....RM.......
6 5 1 ..BB..P.....PAA......RM....RM.......
6 5 1 P.BB..P......AA......RM....RM.......
7 5 2 ..BB.........AAR.....RM.P...M.P.....
7 5 2 ..BB.....R...AAR......M.P...M.P.....
6 5 1 ..BB........AA....P.....P..RM....RM.
5 5 0 ..BB............AAP..R..P..RM.....M.
5 5 0 ..BB...........AA.P..R..P..RM.....M.
6 5 1 ..BB..........AA..P..R..P..RM.....M.
6 5 1 ..BB.........AA...P..R..P..RM.....M.
7 5 2 ..BB........AA.R..P..R..P...M.....M.
7 5 2 ..BB.....R..AA.R..P.....P...M.....M.
5 5 0 ..BB............AA......P..RM.P..RM.
5 5 0 ..BB...........AA.......P..RM.P..RM.
6 5 1 ..BB..........AA........P..RM.P..RM.
6 5 1 ..BB.........AA.........P..RM.P..RM.
5 5 0 ..BB........P..AA.P..R.....RM.....M.
5 5 0 ..BB..P.....P..AA....R.....RM.....M.
5 5 0 P.BB..P........AA....R.....RM.....M.
6 5 1 ..BB........P.AA..P..R.....RM.....M.
6 5 1 ..BB..P.....P.AA.....R.....RM.....M.
6 5 1 P.BB..P.......AA.....R.....RM.....M.
6 5 1 ..BB........PAA...P..R.....RM.....M.
6 5 1 ..BB..P.....PAA......R.....RM.....M.
6 5 1 P.BB..P......AA......R.....RM.....M.
7 5 2 ..BB.........AAR.....R..P...M.P...M.
7 5 2 ..BB.....R...AAR........P...M.P...M.
5 5 0 ..BBM.....M.....AAP.....P..R.....R..
5 5 0 ..BBM.....M....AA.P.....P..R.....R..
6 5 1 ..BBM.....M...AA..P.....P..R.....R..
6 5 1 ..BBM.....M..AA...P.....P..R.....R..
7 5 2 ..BB......M.AA..M.P.....P..R.....R..
7 5 2 ..BB........AA..M.P...M.P..R.....R..
6 5 1 ..BB......M...AAM.P..R..P..R........
6 5 1 ..BB..........AAM.P..RM.P..R........
7 5 2 ..BB......M..AA.M.P..R..P..R........
7 5 2 ..BB.........AA.M.P..RM.P..R........
7 5 2 ..BBM.....M..AAR..P..R..P...........
7 5 2 ..BBM....RM..AAR..P.....P...........
8 5 3 ..BB......M.AA.RM.P..R..P...........
8 5 3 ..BB.....RM.AA.RM.P.....P...........
8 5 3 ..BB........AA.RM.P..RM.P...........
8 5 3 ..BB.....R..AA.RM.P...M.P...........
5 5 0 ..BBM.....M.P..AA.P........R.....R..
5 5 0 ..BBM.P...M.P..AA..........R.....R..
5 5 0 P.BBM.P...M....AA..........R.....R..
6 5 1 ..BB......M...AAM.......P..R..P..R..
6 5 1 ..BB..........AAM.....M.P..R..P..R..
6 5 1 ..BBM.....M.P.AA..P........R.....R..
6 5 1 ..BBM.P...M.P.AA...........R.....R..
6 5 1 P.BBM.P...M...AA...........R.....R..
7 5 2 ..BB......M..AA.M.......P..R..P..R..
7 5 2 ..BB.........AA.M.....M.P..R..P..R..
6 5 1 ..BBM.....M.PAA...P........R.....R..
6 5 1 ..BBM.P...M.PAA............R.....R..
6 5 1 P.BBM.P...M..AA............R.....R..
5 5 0 ..BBM.....M.P...AAP..R.....R........
5 5 0 ..BBM.P...M.P...AA...R.....R........
5 5 0 P.BBM.P...M.....AA...R.....R........
6 5 1 P.BBM.P...M.AA.......R.....R........
6 5 1 ..BB......M.P.AAM.P..R.....R........
6 5 1 ..BB..P...M.P.AAM....R.....R........
6 5 1 P.BB..P...M...AAM....R.....R........
6 5 1 ..BB........P.AAM.P..RM....R........
6 5 1 ..BB..P.....P.AAM....RM....R........
6 5 1 P.BB..P.......AAM....RM....R........
7 5 2 ..BB......M.PAA.M.P..R.....R........
7 5 2 ..BB..P...M.PAA.M....R.....R........
7 5 2 P.BB..P...M..AA.M....R.....R........
7 5 2 ..BB......M..AARM....R..P.....P.....
7 5 2 ..BB.....RM..AARM.......P.....P.....
7 5 2 ..BB........PAA.M.P..RM....R........
7 5 2 ..BB..P.....PAA.M....RM....R........
7 5 2 P.BB..P......AA.M....RM....R........
7 5 2 ..BB.........AARM....RM.P.....P.....
7 5 2 ..BB.....R...AARM.....M.P.....P.....
7 5 2 ..BBM.....M.PAAR..P..R..............
7 5 2 ..BBM....RM.PAAR..P.................
7 5 2 ..BBM.P...M.PAAR.....R..............
7 5 2 ..BBM.P..RM.PAAR....................
7 5 2 P.BBM.P...M..AAR.....R..............
7 5 2 P.BBM.P..RM..AAR....................
6 5 1 BB..........AA....P...M.P..RM....R..
5 5 0 BB..............AAP..RM.P..RM.......
5 5 0 BB.............AA.P..RM.P..RM.......
6 5 1 BB............AA..P..RM.P..RM.......
6 5 1 BB...........AA...P..RM.P..RM.......
7 5 2 BB..........AA.R..P..RM.P...M.......
7 5 2 BB.......R..AA.R..P...M.P...M.......
6 5 1 BB.R.....R..AA....P...M.P...M.......
5 5 0 BB..............AA....M.P..RM.P..R..
5 5 0 BB.............AA.....M.P..RM.P..R..
6 5 1 BB............AA......M.P..RM.P..R..
6 5 1 BB...........AA.......M.P..RM.P..R..
5 5 0 BB..........P..AA.P..RM....RM.......
5 5 0 BB....P.....P..AA....RM....RM.......
6 5 1 BB..........P.AA..P..RM....RM.......
6 5 1 BB....P.....P.AA.....RM....RM.......
6 5 1 BB..........PAA...P..RM....RM.......
6 5 1 BB....P.....PAA......RM....RM.......
7 5 2 BB...........AAR.....RM.P...M.P.....
7 5 2 BB.......R...AAR......M.P...M.P.....
6 5 1 BB.R.....R...AA.......M.P...M.P.....
5 5 0 BB.R.....R......AA....M.P...M.P.....
5 5 0 BB.R.....R.....AA.....M.P...M.P.....
6 5 1 BB.R.....R....AA......M.P...M.P.....
6 5 1 BB..........AA....P.....P..RM....RM.
5 5 0 BB..............AAP..R..P..RM.....M.
5 5 0 BB.............AA.P..R..P..RM.....M.
6 5 1 BB............AA..P..R..P..RM.....M.
6 5 1 BB...........AA...P..R..P..RM.....M.
7 5 2 BB..........AA.R..P..R..P...M.....M.
7 5 2 BB.......R..AA.R..P.....P...M.....M.
6 5 1 BB.R.....R..AA....P.....P...M.....M.
5 5 0 BB..............AA......P..RM.P..RM.
5 5 0 BB.............AA.......P..RM.P..RM.
6 5 1 BB............AA........P..RM.P..RM.
6 5 1 BB...........AA.........P..RM.P..RM.
5 5 0 BB..........P..AA.P..R.....RM.....M.
5 5 0 BB....P.....P..AA....R.....RM.....M.
6 5 1 BB..........P.AA..P..R.....RM.....M.
6 5 1 BB....P.....P.AA.....R.....RM.....M.
6 5 1 BB..........PAA...P..R.....RM.....M.
6 5 1 BB....P.....PAA......R.....RM.....M.
7 5 2 BB...........AAR.....R..P...M.P...M.
7 5 2 BB.......R...AAR........P...M.P...M.
6 5 1 BB.R.....R...AA.........P...M.P...M.
5 5 0 BB.R.....R......AA......P...M.P...M.
5 5 0 BB.R.....R.....AA.......P...M.P...M.
6 5 1 BB.R.....R....AA........P...M.P...M.
5 5 0 BB..M.....M.....AAP.....P..R.....R..
5 5 0 BB..M.....M....AA.P.....P..R.....R..
6 5 1 BB..M.....M...AA..P.....P..R.....R..
6 5 1 BB..M.....M..AA...P.....P..R.....R..
7 5 2 BB........M.AA..M.P.....P..R.....R..
7 5 2 BB..........AA..M.P...M.P..R.....R..
6 5 1 BB........M...AAM.P..R..P..R........
6 5 1 BB............AAM.P..RM.P..R........
7 5 2 BB........M..AA.M.P..R..P..R........
7 5 2 BB...........AA.M.P..RM.P..R........
7 5 2 BB..M.....M..AAR..P..R..P...........
7 5 2 BB..M....RM..AAR..P.....P...........
6 5 1 BB.RM....RM..AA...P.....P...........
8 5 3 BB........M.AA.RM.P..R..P...........
8 5 3 BB.......RM.AA.RM.P.....P...........
7 5 2 BB.R.....RM.AA..M.P.....P...........
8 5 3 BB..........AA.RM.P..RM.P...........
8 5 3 BB.......R..AA.RM.P...M.P...........
7 5 2 BB.R.....R..AA..M.P...M.P...........
5 5 0 BB.RM....RM.....AAP.....P...........
5 5 0 BB.RM....RM....AA.P.....P...........
6 5 1 BB.RM....RM...AA..P.....P...........
5 5 0 BB..M.....M.P..AA.P........R.....R..
5 5 0 BB..M.P...M.P..AA..........R.....R..
6 5 1 BB........M...AAM.......P..R..P..R..
6 5 1 BB............AAM.....M.P..R..P..R..
6 5 1 BB..M.....M.P.AA..P........R.....R..
6 5 1 BB..M.P...M.P.AA...........R.....R..
7 5 2 BB........M..AA.M.......P..R..P..R..
7 5 2 BB...........AA.M.....M.P..R..P..R..
6 5 1 BB..M.....M.PAA...P........R.....R..
6 5 1 BB..M.P...M.PAA............R.....R..
5 5 0 BB..M.....M.P...AAP..R.....R........
5 5 0 BB..M.P...M.P...AA...R.....R........
6 5 1 BB........M.P.AAM.P..R.....R........
6 5 1 BB....P...M.P.AAM....R.....R........
6 5 1 BB..........P.AAM.P..RM....R........
6 5 1 BB....P.....P.AAM....RM....R........
7 5 2 BB........M.PAA.M.P..R.....R........
7 5 2 BB....P...M.PAA.M....R.....R........
7 5 2 BB........M..AARM....R..P.....P.....
7 5 2 BB.......RM..AARM.......P.....P.....
7 5 2 BB.R.....RM..AA.M.......P.....P.....
7 5 2 BB..........PAA.M.P..RM....R........
7 5 2 BB....P.....PAA.M....RM....R........
7 5 2 BB...........AARM....RM.P.....P.....
7 5 2 BB.......R...AARM.....M.P.....P.....
7 5 2 BB.R.....R...AA.M.....M.P.....P.....
7 5 2 BB..M.....M.PAAR..P..R..............
7 5 2 BB..M....RM.PAAR..P.................
6 5 1 BB.RM....RM.PAA...P.................
7 5 2 BB..M.P...M.PAAR.....R..............
7 5 2 BB..M.P..RM.PAAR....................
6 5 1 BB.RM.P..RM.PAA.....................
6 5 1 BB.R.....RM...AAM.......P.....P.....
6 5 1 BB.R.....R....AAM.....M.P.....P.....
5 5 0 BB.RM....RM.P..AA.P.................
5 5 0 BB.RM.P..RM.P..AA...................
6 5 1 BB.RM....RM.P.AA..P.................
6 5 1 BB.RM.P..RM.P.AA....................
6 5 1 ...BB.......AA....P...M.P..RM....R..
5 5 0 ...BB...........AAP..RM.P..RM.......
5 5 0 ...BB..........AA.P..RM.P..RM.......
6 5 1 ...BB.........AA..P..RM.P..RM.......
6 5 1 ...BB........AA...P..RM.P..RM.......
7 5 2 ...BB.......AA.R..P..RM.P...M.......
7 5 2 ...BB....R..AA.R..P...M.P...M.......
5 5 0 ...BB...........AA....M.P..RM.P..R..
5 5 0 ...BB..........AA.....M.P..RM.P..R..
6 5 1 ...BB.........AA......M.P..RM.P..R..
6 5 1 ...BB........AA.......M.P..RM.P..R..
5 5 0 ...BB.......P..AA.P..RM....RM.......
5 5 0 ...BB.P.....P..AA....RM....RM.......
5 5 0 P..BB.P........AA....RM....RM.......
6 5 1 ...BB.......P.AA..P..RM....RM.......
6 5 1 ...BB.P.....P.AA.....RM....RM.......
6 5 1 P..BB.P.......AA.....RM....RM.......
6 5 1 ...BB.......PAA...P..RM....RM.......
6 5 1 ...BB.P.....PAA......RM....RM.......
6 5 1 P..BB.P......AA......RM....RM.......
7 5 2 ...BB........AAR.....RM.P...M.P.....
7 5 2 ...BB....R...AAR......M.P...M.P.....
6 5 1 ....BB......AA....P...M.P..RM....R..
5 5 0 ....BB..........AAP..RM.P..RM.......
5 5 0 ....BB.........AA.P..RM.P..RM.......
6 5 1 ....BB........AA..P..RM.P..RM.......
6 5 1 ....BB.......AA...P..RM.P..RM.......
7 5 2 ....BB......AA.R..P..RM.P...M.......
7 5 2 ....BB...R..AA.R..P...M.P...M.......
6 5 1 ...RBB...R..AA....P...M.P...M.......
5 5 0 ....BB..........AA....M.P..RM.P..R..
5 5 0 ....BB.........AA.....M.P..RM.P..R..
6 5 1 ....BB........AA......M.P..RM.P..R..
6 5 1 ....BB.......AA.......M.P..RM.P..R..
5 5 0 ....BB......P..AA.P..RM....RM.......
5 5 0 ....BBP.....P..AA....RM....RM.......
5 5 0 P...BBP........AA....RM....RM.......
6 5 1 ....BB......P.AA..P..RM....RM.......
6 5 1 ....BBP.....P.AA.....RM....RM.......
6 5 1 P...BBP.......AA.....RM....RM.......
6 5 1 ....BB......PAA...P..RM....RM.......
6 5 1 ....BBP.....PAA......RM....RM.......
6 5 1 P...BBP......AA......RM....RM.......
7 5 2 ....BB.......AAR.....RM.P...M.P.....
7 5 2 ....BB...R...AAR......M.P...M.P.....
6 5 1 ...RBB...R...AA.......M.P...M.P.....
5 5 0 ...RBB...R......AA....M.P...M.P.....
5 5 0 ...RBB...R.....AA.....M.P...M.P.....
6 5 1 ...RBB...R....AA......M.P...M.P.....
5 5 0 .BB.............AAP...M.P..RM....R..
5 5 0 .BB............AA.P...M.P..RM....R..
6 5 1 .BB...........AA..P...M.P..RM....R..
6 5 1 .BB..........AA...P...M.P..RM....R..
7 5 2 .BB..........AAR..P..RM.P...M.......
7 5 2 .BB......R...AAR..P...M.P...M.......
6 5 1 .BBR.....R...AA...P...M.P...M.......
5 5 0 .BBR.....R......AAP...M.P...M.......
5 5 0 .BBR.....R.....AA.P...M.P...M.......
6 5 1 .BBR.....R....AA..P...M.P...M.......
5 5 0 .BB.........P..AA.P...M....RM....R..
5 5 0 .BB...P.....P..AA.....M....RM....R..
5 5 0 PBB...P........AA.....M....RM....R..
6 5 1 .BB.........P.AA..P...M....RM....R..
6 5 1 .BB...P.....P.AA......M....RM....R..
6 5 1 PBB...P.......AA......M....RM....R..
6 5 1 .BB.........PAA...P...M....RM....R..
6 5 1 .BB...P.....PAA.......M....RM....R..
6 5 1 PBB...P......AA.......M....RM....R..
5 5 0 .BB.........P...AAP..RM....RM.......
5 5 0 .BB...P.....P...AA...RM....RM.......
5 5 0 PBB...P.........AA...RM....RM.......
6 5 1 PBB...P.....AA.......RM....RM.......
7 5 2 .BB.........PAAR..P..RM.....M.......
7 5 2 .BB......R..PAAR..P...M.....M.......
6 5 1 .BBR.....R..PAA...P...M.....M.......
7 5 2 .BB...P.....PAAR.....RM.....M.......
7 5 2 .BB...P..R..PAAR......M.....M.......
6 5 1 .BBR..P..R..PAA.......M.....M.......
7 5 2 PBB...P......AAR.....RM.....M.......
7 5 2 PBB...P..R...AAR......M.....M.......
6 5 1 PBBR..P..R...AA.......M.....M.......
5 5 0 .BBR.....R..P..AA.P...M.....M.......
5 5 0 .BBR..P..R..P..AA.....M.....M.......
5 5 0 PBBR..P..R.....AA.....M.....M.......
6 5 1 .BBR.....R..P.AA..P...M.....M.......
6 5 1 .BBR..P..R..P.AA......M.....M.......
6 5 1 PBBR..P..R....AA......M.....M.......
6 5 1 ...BB.......AA....P.....P..RM....RM.
5 5 0 ...BB...........AAP..R..P..RM.....M.
5 5 0 ...BB..........AA.P..R..P..RM.....M.
6 5 1 ...BB.........AA..P..R..P..RM.....M.
6 5 1 ...BB........AA...P..R..P..RM.....M.
7 5 2 ...BB.......AA.R..P..R..P...M.....M.
7 5 2 ...BB....R..AA.R..P.....P...M.....M.
5 5 0 ...BB...........AA......P..RM.P..RM.
5 5 0 ...BB..........AA.......P..RM.P..RM.
6 5 1 ...BB.........AA........P..RM.P..RM.
6 5 1 ...BB........AA.........P..RM.P..RM.
5 5 0 ...BB.......P..AA.P..R.....RM.....M.
5 5 0 ...BB.P.....P..AA....R.....RM.....M.
5 5 0 P..BB.P........AA....R.....RM.....M.
6 5 1 ...BB.......P.AA..P..R.....RM.....M.
6 5 1 ...BB.P.....P.AA.....R.....RM.....M.
6 5 1 P..BB.P.......AA.....R.....RM.....M.
6 5 1 ...BB.......PAA...P..R.....RM.....M.
6 5 1 ...BB.P.....PAA......R.....RM.....M.
6 5 1 P..BB.P......AA......R.....RM.....M.
7 5 2 ...BB........AAR.....R..P...M.P...M.
7 5 2 ...BB....R...AAR........P...M.P...M.
6 5 1 ....BB......AA....P.....P..RM....RM.
5 5 0 ....BB..........AAP..R..P..RM.....M.
5 5 0 ....BB.........AA.P..R..P..RM.....M.
6 5 1 ....BB........AA..P..R..P..RM.....M.
6 5 1 ....BB.......AA...P..R..P..RM.....M.
7 5 2 ....BB......AA.R..P..R..P...M.....M.
7 5 2 ....BB...R..AA.R..P.....P...M.....M.
6 5 1 ...RBB...R..AA....P.....P...M.....M.
5 5 0 ....BB..........AA......P..RM.P..RM.
5 5 0 ....BB.........AA.......P..RM.P..RM.
6 5 1 ....BB........AA........P..RM.P..RM.
6 5 1 ....BB.......AA.........P..RM.P..RM.
5 5 0 ....BB......P..AA.P..R.....RM.....M.
5 5 0 ....BBP.....P..AA....R.....RM.....M.
5 5 0 P...BBP........AA....R.....RM.....M.
6 5 1 ....BB......P.AA..P..R.....RM.....M.
6 5 1 ....BBP.....P.AA.....R.....RM.....M.
6 5 1 P...BBP.......AA.....R.....RM.....M.
6 5 1 ....BB......PAA...P..R.....RM.....M.
6 5 1 ....BBP.....PAA......R.....RM.....M.
6 5 1 P...BBP......AA......R.....RM.....M.
7 5 2 ....BB.......AAR.....R..P...M.P...M.
7 5 2 ....BB...R...AAR........P...M.P...M.
6 5 1 ...RBB...R...AA.........P...M.P...M.
5 5 0 ...RBB...R......AA......P...M.P...M.
5 5 0 ...RBB...R.....AA.......P...M.P...M.
6 5 1 ...RBB...R....AA........P...M.P...M.
5 5 0 .BB.............AAP.....P..RM....RM.
5 5 0 .BB............AA.P.....P..RM....RM.
6 5 1 .BB...........AA..P.....P..RM....RM.
6 5 1 .BB..........AA...P.....P..RM....RM.
7 5 2 .BB..........AAR..P..R..P...M.....M.
7 5 2 .BB......R...AAR..P.....P...M.....M.
6 5 1 .BBR.....R...AA...P.....P...M.....M.
5 5 0 .BBR.....R......AAP.....P...M.....M.
5 5 0 .BBR.....R.....AA.P.....P...M.....M.
6 5 1 .BBR.....R....AA..P.....P...M.....M.
5 5 0 .BB.........P..AA.P........RM....RM.
5 5 0 .BB...P.....P..AA..........RM....RM.
5 5 0 PBB...P........AA..........RM....RM.
6 5 1 .BB.........P.AA..P........RM....RM.
6 5 1 .BB...P.....P.AA...........RM....RM.
6 5 1 PBB...P.......AA...........RM....RM.
6 5 1 .BB.........PAA...P........RM....RM.
6 5 1 .BB...P.....PAA............RM....RM.
6 5 1 PBB...P......AA............RM....RM.
5 5 0 .BB.........P...AAP..R.....RM.....M.
5 5 0 .BB...P.....P...AA...R.....RM.....M.
5 5 0 PBB...P.........AA...R.....RM.....M.
6 5 1 PBB...P.....AA.......R.....RM.....M.
7 5 2 .BB.........PAAR..P..R......M.....M.
7 5 2 .BB......R..PAAR..P.........M.....M.
6 5 1 .BBR.....R..PAA...P.........M.....M.
7 5 2 .BB...P.....PAAR.....R......M.....M.
7 5 2 .BB...P..R..PAAR............M.....M.
6 5 1 .BBR..P..R..PAA.............M.....M.
7 5 2 PBB...P......AAR.....R......M.....M.
7 5 2 PBB...P..R...AAR............M.....M.
6 5 1 PBBR..P..R...AA.............M.....M.
5 5 0 .BBR.....R..P..AA.P.........M.....M.
5 5 0 .BBR..P..R..P..AA...........M.....M.
5 5 0 PBBR..P..R.....AA...........M.....M.
6 5 1 .BBR.....R..P.AA..P.........M.....M.
6 5 1 .BBR..P..R..P.AA............M.....M.
6 5 1 PBBR..P..R....AA............M.....M.
6 5 1 .BB.......M...AAM.P.....P..R.....R..
6 5 1 .BB...........AAM.P...M.P..R.....R..
7 5 2 .BB.......M..AA.M.P.....P..R.....R..
7 5 2 .BB..........AA.M.P...M.P..R.....R..
7 5 2 ...BB.....M.AA..M.P.....P..R.....R..
7 5 2 ....BB....M.AA..M.P.....P..R.....R..
7 5 2 ...BB.......AA..M.P...M.P..R.....R..
7 5 2 ....BB......AA..M.P...M.P..R.....R..
6 5 1 ...BB.....M...AAM.P..R..P..R........
6 5 1 ....BB....M...AAM.P..R..P..R........
6 5 1 ...BB.........AAM.P..RM.P..R........
6 5 1 ....BB........AAM.P..RM.P..R........
7 5 2 ...BB.....M..AA.M.P..R..P..R........
7 5 2 ....BB....M..AA.M.P..R..P..R........
7 5 2 .BB.......M..AARM.P..R..P...........
7 5 2 .BB......RM..AARM.P.....P...........
7 5 2 .BBR.....RM..AA.M.P.....P...........
7 5 2 ...BB........AA.M.P..RM.P..R........
7 5 2 ....BB.......AA.M.P..RM.P..R........
7 5 2 .BB..........AARM.P..RM.P...........
7 5 2 .BB......R...AARM.P...M.P...........
7 5 2 .BBR.....R...AA.M.P...M.P...........
8 5 3 ...BB.....M.AA.RM.P..R..P...........
8 5 3 ...BB....RM.AA.RM.P.....P...........
8 5 3 ....BB....M.AA.RM.P..R..P...........
8 5 3 ....BB...RM.AA.RM.P.....P...........
7 5 2 ...RBB...RM.AA..M.P.....P...........
6 5 1 .BBR.....RM...AAM.P.....P...........
8 5 3 ...BB.......AA.RM.P..RM.P...........
8 5 3 ...BB....R..AA.RM.P...M.P...........
8 5 3 ....BB......AA.RM.P..RM.P...........
8 5 3 ....BB...R..AA.RM.P...M.P...........
7 5 2 ...RBB...R..AA..M.P...M.P...........
6 5 1 .BBR.....R....AAM.P...M.P...........
5 5 0 .BB.M.....M.P...AAP........R.....R..
5 5 0 .BB.M.P...M.P...AA.........R.....R..
5 5 0 PBB.M.P...M.....AA.........R.....R..
6 5 1 PBB.M.P...M.AA.............R.....R..
6 5 1 ...BB.....M...AAM.......P..R..P..R..
6 5 1 ....BB....M...AAM.......P..R..P..R..
6 5 1 .BB.......M.P.AAM.P........R.....R..
6 5 1 .BB...P...M.P.AAM..........R.....R..
6 5 1 PBB...P...M...AAM..........R.....R..
6 5 1 ...BB.........AAM.....M.P..R..P..R..
6 5 1 ....BB........AAM.....M.P..R..P..R..
6 5 1 .BB.........P.AAM.P...M....R.....R..
6 5 1 .BB...P.....P.AAM.....M....R.....R..
6 5 1 PBB...P.......AAM.....M....R.....R..
7 5 2 ...BB.....M..AA.M.......P..R..P..R..
7 5 2 ....BB....M..AA.M.......P..R..P..R..
7 5 2 .BB.......M.PAA.M.P........R.....R..
7 5 2 .BB...P...M.PAA.M..........R.....R..
7 5 2 PBB...P...M..AA.M..........R.....R..
7 5 2 ...BB........AA.M.....M.P..R..P..R..
7 5 2 ....BB.......AA.M.....M.P..R..P..R..
7 5 2 .BB.........PAA.M.P...M....R.....R..
7 5 2 .BB...P.....PAA.M.....M....R.....R..
7 5 2 PBB...P......AA.M.....M....R.....R..
7 5 2 PBB...P...M.AA..M....R.....R........
7 5 2 PBB...P.....AA..M....RM....R........
7 5 2 PBB.M.P...M.AA.R.....R..............
7 5 2 PBB.M.P..RM.AA.R....................
6 5 1 PBBRM.P..RM.AA......................
6 5 1 ...BB.....M.P.AAM.P..R.....R........
6 5 1 ...BB.P...M.P.AAM....R.....R........
6 5 1 P..BB.P...M...AAM....R.....R........
6 5 1 ....BB....M.P.AAM.P..R.....R........
6 5 1 ....BBP...M.P.AAM....R.....R........
6 5 1 P...BBP...M...AAM....R.....R........
6 5 1 ...BB.......P.AAM.P..RM....R........
6 5 1 ...BB.P.....P.AAM....RM....R........
6 5 1 P..BB.P.......AAM....RM....R........
6 5 1 ....BB......P.AAM.P..RM....R........
6 5 1 ....BBP.....P.AAM....RM....R........
6 5 1 P...BBP.......AAM....RM....R........
7 5 2 ...BB.....M.PAA.M.P..R.....R........
7 5 2 ...BB.P...M.PAA.M....R.....R........
7 5 2 P..BB.P...M..AA.M....R.....R........
7 5 2 ...BB.....M..AARM....R..P.....P.....
7 5 2 ...BB....RM..AARM.......P.....P.....
7 5 2 ....BB....M.PAA.M.P..R.....R........
7 5 2 ....BBP...M.PAA.M....R.....R........
7 5 2 P...BBP...M..AA.M....R.....R........
7 5 2 ....BB....M..AARM....R..P.....P.....
7 5 2 ....BB...RM..AARM.......P.....P.....
7 5 2 ...RBB...RM..AA.M.......P.....P.....
7 5 2 .BB.......M.PAARM.P..R..............
7 5 2 .BB......RM.PAARM.P.................
7 5 2 .BBR.....RM.PAA.M.P.................
7 5 2 .BB...P...M.PAARM....R..............
7 5 2 .BB...P..RM.PAARM...................
7 5 2 .BBR..P..RM.PAA.M...................
7 5 2 PBB...P...M..AARM....R..............
7 5 2 PBB...P..RM..AARM...................
7 5 2 PBBR..P..RM..AA.M...................
7 5 2 ...BB.......PAA.M.P..RM....R........
7 5 2 ...BB.P.....PAA.M....RM....R........
7 5 2 P..BB.P......AA.M....RM....R........
7 5 2 ...BB........AARM....RM.P.....P.....
7 5 2 ...BB....R...AARM.....M.P.....P.....
7 5 2 ....BB......PAA.M.P..RM....R........
7 5 2 ....BBP.....PAA.M....RM....R........
7 5 2 P...BBP......AA.M....RM....R........
7 5 2 ....BB.......AARM....RM.P.....P.....
7 5 2 ....BB...R...AARM.....M.P.....P.....
7 5 2 ...RBB...R...AA.M.....M.P.....P.....
7 5 2 .BB.........PAARM.P..RM.............
7 5 2 .BB......R..PAARM.P...M.............
7 5 2 .BBR.....R..PAA.M.P...M.............
7 5 2 .BB...P.....PAARM....RM.............
7 5 2 .BB...P..R..PAARM.....M.............
7 5 2 .BBR..P..R..PAA.M.....M.............
7 5 2 PBB...P......AARM....RM.............
7 5 2 PBB...P..R...AARM.....M.............
7 5 2 PBBR..P..R...AA.M.....M.............
5 5 0 .BBRM....RM.P...AAP.................
5 5 0 .BBRM.P..RM.P...AA..................
5 5 0 PBBRM.P..RM.....AA..................
6 5 1 ...RBB...RM...AAM.......P.....P.....
6 5 1 .BBR.....RM.P.AAM.P.................
6 5 1 .BBR..P..RM.P.AAM...................
6 5 1 PBBR..P..RM...AAM...................
6 5 1 ...RBB...R....AAM.....M.P.....P.....
6 5 1 .BBR.....R..P.AAM.P...M.............
6 5 1 .BBR..P..R..P.AAM.....M.............
6 5 1 PBBR..P..R....AAM.....M.............
6 6 0 ..BB............AAP...M.P..RM....R..
6 6 0 ..BB...........AA.P...M.P..RM....R..
7 6 1 ..BB..........AA..P...M.P..RM....R..
7 6 1 ..BB.........AA...P...M.P..RM....R..
8 6 2 ..BB.........AAR..P..RM.P...M.......
8 6 2 ..BB.....R...AAR..P...M.P...M.......
6 6 0 ..BB........P..AA.P...M....RM....R..
6 6 0 ..BB..P.....P..AA.....M....RM....R..
6 6 0 P.BB..P........AA.....M....RM....R..
7 6 1 ..BB........P.AA..P...M....RM....R..
7 6 1 ..BB..P.....P.AA......M....RM....R..
7 6 1 P.BB..P.......AA......M....RM....R..
7 6 1 ..BB........PAA...P...M....RM....R..
7 6 1 ..BB..P.....PAA.......M....RM....R..
7 6 1 P.BB..P......AA.......M....RM....R..
6 6 0 ..BB........P...AAP..RM....RM.......
6 6 0 ..BB..P.....P...AA...RM....RM.......
6 6 0 P.BB..P.........AA...RM....RM.......
7 6 1 P.BB..P.....AA.......RM....RM.......
8 6 2 ..BB........PAAR..P..RM.....M.......
8 6 2 ..BB.....R..PAAR..P...M.....M.......
8 6 2 ..BB..P.....PAAR.....RM.....M.......
8 6 2 ..BB..P..R..PAAR......M.....M.......
8 6 2 P.BB..P......AAR.....RM.....M.......
8 6 2 P.BB..P..R...AAR......M.....M.......
6 6 0 ..BB............AAP.....P..RM....RM.
6 6 0 ..BB...........AA.P.....P..RM....RM.
7 6 1 ..BB..........AA..P.....P..RM....RM.
7 6 1 ..BB.........AA...P.....P..RM....RM.
8 6 2 ..BB.........AAR..P..R..P...M.....M.
8 6 2 ..BB.....R...AAR..P.....P...M.....M.
6 6 0 ..BB........P..AA.P........RM....RM.
6 6 0 ..BB..P.....P..AA..........RM....RM.
6 6 0 P.BB..P........AA..........RM....RM.
7 6 1 ..BB........P.AA..P........RM....RM.
7 6 1 ..BB..P.....P.AA...........RM....RM.
7 6 1 P.BB..P.......AA...........RM....RM.
7 6 1 ..BB........PAA...P........RM....RM.
7 6 1 ..BB..P.....PAA............RM....RM.
7 6 1 P.BB..P......AA............RM....RM.
6 6 0 ..BB........P...AAP..R.....RM.....M.
6 6 0 ..BB..P.....P...AA...R.....RM.....M.
6 6 0 P.BB..P.........AA...R.....RM.....M.
7 6 1 P.BB..P.....AA.......R.....RM.....M.
8 6 2 ..BB........PAAR..P..R......M.....M.
8 6 2 ..BB.....R..PAAR..P.........M.....M.
8 6 2 ..BB..P.....PAAR.....R......M.....M.
8 6 2 ..BB..P..R..PAAR............M.....M.
8 6 2 P.BB..P......AAR.....R......M.....M.
8 6 2 P.BB..P..R...AAR............M.....M.
7 6 1 ..BB......M...AAM.P.....P..R.....R..
7 6 1 ..BB..........AAM.P...M.P..R.....R..
8 6 2 ..BB......M..AA.M.P.....P..R.....R..
8 6 2 ..BB.........AA.M.P...M.P..R.....R..
8 6 2 ..BB......M..AARM.P..R..P...........
8 6 2 ..BB.....RM..AARM.P.....P...........
8 6 2 ..BB.........AARM.P..RM.P...........
8 6 2 ..BB.....R...AARM.P...M.P...........
6 6 0 ..BBM.....M.P...AAP........R.....R..
6 6 0 ..BBM.P...M.P...AA.........R.....R..
6 6 0 P.BBM.P...M.....AA.........R.....R..
7 6 1 P.BBM.P...M.AA.............R.....R..
7 6 1 ..BB......M.P.AAM.P........R.....R..
7 6 1 ..BB..P...M.P.AAM..........R.....R..
7 6 1 P.BB..P...M...AAM..........R.....R..
7 6 1 ..BB........P.AAM.P...M....R.....R..
7 6 1 ..BB..P.....P.AAM.....M....R.....R..
7 6 1 P.BB..P.......AAM.....M....R.....R..
8 6 2 ..BB......M.PAA.M.P........R.....R..
8 6 2 ..BB..P...M.PAA.M..........R.....R..
8 6 2 P.BB..P...M..AA.M..........R.....R..
8 6 2 ..BB........PAA.M.P...M....R.....R..
8 6 2 ..BB..P.....PAA.M.....M....R.....R..
8 6 2 P.BB..P......AA.M.....M....R.....R..
8 6 2 P.BB..P...M.AA..M....R.....R........
8 6 2 P.BB..P.....AA..M....RM....R........
8 6 2 P.BBM.P...M.AA.R.....R..............
8 6 2 P.BBM.P..RM.AA.R....................
8 6 2 ..BB......M.PAARM.P..R..............
8 6 2 ..BB.....RM.PAARM.P.................
8 6 2 ..BB..P...M.PAARM....R..............
8 6 2 ..BB..P..RM.PAARM...................
8 6 2 P.BB..P...M..AARM....R..............
8 6 2 P.BB..P..RM..AARM...................
8 6 2 ..BB........PAARM.P..RM.............
8 6 2 ..BB.....R..PAARM.P...M.............
8 6 2 ..BB..P.....PAARM....RM.............
8 6 2 ..BB..P..R..PAARM.....M.............
8 6 2 P.BB..P......AARM....RM.............
8 6 2 P.BB..P..R...AARM.....M.............
6 6 0 BB..............AAP...M.P..RM....R..
6 6 0 BB.............AA.P...M.P..RM....R..
7 6 1 BB............AA..P...M.P..RM....R..
7 6 1 BB...........AA...P...M.P..RM....R..
8 6 2 BB...........AAR..P..RM.P...M.......
8 6 2 BB.......R...AAR..P...M.P...M.......
7 6 1 BB.R.....R...AA...P...M.P...M.......
6 6 0 BB.R.....R......AAP...M.P...M.......
6 6 0 BB.R.....R.....AA.P...M.P...M.......
7 6 1 BB.R.....R....AA..P...M.P...M.......
6 6 0 BB..........P..AA.P...M....RM....R..
6 6 0 BB....P.....P..AA.....M....RM....R..
7 6 1 BB..........P.AA..P...M....RM....R..
7 6 1 BB....P.....P.AA......M....RM....R..
7 6 1 BB..........PAA...P...M....RM....R..
7 6 1 BB....P.....PAA.......M....RM....R..
6 6 0 BB..........P...AAP..RM....RM.......
6 6 0 BB....P.....P...AA...RM....RM.......
8 6 2 BB..........PAAR..P..RM.....M.......
8 6 2 BB.......R..PAAR..P...M.....M.......
7 6 1 BB.R.....R..PAA...P...M.....M.......
8 6 2 BB....P.....PAAR.....RM.....M.......
8 6 2 BB....P..R..PAAR......M.....M.......
7 6 1 BB.R..P..R..PAA.......M.....M.......
6 6 0 BB.R.....R..P..AA.P...M.....M.......
6 6 0 BB.R..P..R..P..AA.....M.....M.......
7 6 1 BB.R.....R..P.AA..P...M.....M.......
7 6 1 BB.R..P..R..P.AA......M.....M.......
6 6 0 BB..............AAP.....P..RM....RM.
6 6 0 BB.............AA.P.....P..RM....RM.
7 6 1 BB............AA..P.....P..RM....RM.
7 6 1 BB...........AA...P.....P..RM....RM.
8 6 2 BB...........AAR..P..R..P...M.....M.
8 6 2 BB.......R...AAR..P.....P...M.....M.
7 6 1 BB.R.....R...AA...P.....P...M.....M.
6 6 0 BB.R.....R......AAP.....P...M.....M.
6 6 0 BB.R.....R.....AA.P.....P...M.....M.
7 6 1 BB.R.....R....AA..P.....P...M.....M.
6 6 0 BB..........P..AA.P........RM....RM.
6 6 0 BB....P.....P..AA..........RM....RM.
7 6 1 BB..........P.AA..P........RM....RM.
7 6 1 BB....P.....P.AA...........RM....RM.
7 6 1 BB..........PAA...P........RM....RM.
7 6 1 BB....P.....PAA............RM....RM.
6 6 0 BB..........P...AAP..R.....RM.....M.
6 6 0 BB....P.....P...AA...R.....RM.....M.
8 6 2 BB..........PAAR..P..R......M.....M.
8 6 2 BB.......R..PAAR..P.........M.....M.
7 6 1 BB.R.....R..PAA...P.........M.....M.
8 6 2 BB....P.....PAAR.....R......M.....M.
8 6 2 BB....P..R..PAAR............M.....M.
7 6 1 BB.R..P..R..PAA.............M.....M.
6 6 0 BB.R.....R..P..AA.P.........M.....M.
6 6 0 BB.R..P..R..P..AA...........M.....M.
7 6 1 BB.R.....R..P.AA..P.........M.....M.
7 6 1 BB.R..P..R..P.AA............M.....M.
7 6 1 BB........M...AAM.P.....P..R.....R..
7 6 1 BB............AAM.P...M.P..R.....R..
8 6 2 BB........M..AA.M.P.....P..R.....R..
8 6 2 BB...........AA.M.P...M.P..R.....R..
8 6 2 BB........M..AARM.P..R..P...........
8 6 2 BB.......RM..AARM.P.....P...........
8 6 2 BB.R.....RM..AA.M.P.....P...........
8 6 2 BB...........AARM.P..RM.P...........
8 6 2 BB.......R...AARM.P...M.P...........
8 6 2 BB.R.....R...AA.M.P...M.P...........
7 6 1 BB.R.....RM...AAM.P.....P...........
7 6 1 BB.R.....R....AAM.P...M.P...........
6 6 0 BB..M.....M.P...AAP........R.....R..
6 6 0 BB..M.P...M.P...AA.........R.....R..
7 6 1 BB........M.P.AAM.P........R.....R..
7 6 1 BB....P...M.P.AAM..........R.....R..
7 6 1 BB..........P.AAM.P...M....R.....R..
7 6 1 BB....P.....P.AAM.....M....R.....R..
8 6 2 BB........M.PAA.M.P........R.....R..
8 6 2 BB....P...M.PAA.M..........R.....R..
8 6 2 BB..........PAA.M.P...M....R.....R..
8 6 2 BB....P.....PAA.M.....M....R.....R..
8 6 2 BB........M.PAARM.P..R..............
8 6 2 BB.......RM.PAARM.P.................
8 6 2 BB.R.....RM.PAA.M.P.................
8 6 2 BB....P...M.PAARM....R..............
8 6 2 BB....P..RM.PAARM...................
8 6 2 BB.R..P..RM.PAA.M...................
8 6 2 BB..........PAARM.P..RM.............
8 6 2 BB.......R..PAARM.P...M.............
8 6 2 BB.R.....R..PAA.M.P...M.............
8 6 2 BB....P.....PAARM....RM.............
8 6 2 BB....P..R..PAARM.....M.............
8 6 2 BB.R..P..R..PAA.M.....M.............
6 6 0 BB.RM....RM.P...AAP.................
6 6 0 BB.RM.P..RM.P...AA..................
7 6 1 BB.R.....RM.P.AAM.P.................
7 6 1 BB.R..P..RM.P.AAM...................
7 6 1 BB.R.....R..P.AAM.P...M.............
7 6 1 BB.R..P..R..P.AAM.....M.............
6 6 0 ...BB...........AAP...M.P..RM....R..
6 6 0 ...BB..........AA.P...M.P..RM....R..
7 6 1 ...BB.........AA..P...M.P..RM....R..
7 6 1 ...BB........AA...P...M.P..RM....R..
8 6 2 ...BB........AAR..P..RM.P...M.......
8 6 2 ...BB....R...AAR..P...M.P...M.......
6 6 0 ...BB.......P..AA.P...M....RM....R..
6 6 0 ...BB.P.....P..AA.....M....RM....R..
6 6 0 P..BB.P........AA.....M....RM....R..
7 6 1 ...BB.......P.AA..P...M....RM....R..
7 6 1 ...BB.P.....P.AA......M....RM....R..
7 6 1 P..BB.P.......AA......M....RM....R..
7 6 1 ...BB.......PAA...P...M....RM....R..
7 6 1 ...BB.P.....PAA.......M....RM....R..
7 6 1 P..BB.P......AA.......M....RM....R..
6 6 0 ...BB.......P...AAP..RM....RM.......
6 6 0 ...BB.P.....P...AA...RM....RM.......
6 6 0 P..BB.P.........AA...RM....RM.......
7 6 1 P..BB.P.....AA.......RM....RM.......
8 6 2 ...BB.......PAAR..P..RM.....M.......
8 6 2 ...BB....R..PAAR..P...M.....M.......
8 6 2 ...BB.P.....PAAR.....RM.....M.......
8 6 2 ...BB.P..R..PAAR......M.....M.......
8 6 2 P..BB.P......AAR.....RM.....M.......
8 6 2 P..BB.P..R...AAR......M.....M.......
6 6 0 ....BB..........AAP...M.P..RM....R..
6 6 0 ....BB.........AA.P...M.P..RM....R..
7 6 1 ....BB........AA..P...M.P..RM....R..
7 6 1 ....BB.......AA...P...M.P..RM....R..
8 6 2 ....BB.......AAR..P..RM.P...M.......
8 6 2 ....BB...R...AAR..P...M.P...M.......
7 6 1 ...RBB...R...AA...P...M.P...M.......
6 6 0 ...RBB...R......AAP...M.P...M.......
6 6 0 ...RBB...R.....AA.P...M.P...M.......
7 6 1 ...RBB...R....AA..P...M.P...M.......
6 6 0 ....BB......P..AA.P...M....RM....R..
6 6 0 ....BBP.....P..AA.....M....RM....R..
6 6 0 P...BBP........AA.....M....RM....R..
7 6 1 ....BB......P.AA..P...M....RM....R..
7 6 1 ....BBP.....P.AA......M....RM....R..
7 6 1 P...BBP.......AA......M....RM....R..
7 6 1 ....BB......PAA...P...M....RM....R..
7 6 1 ....BBP.....PAA.......M....RM....R..
7 6 1 P...BBP......AA.......M....RM....R..
6 6 0 ....BB......P...AAP..RM....RM.......
6 6 0 ....BBP.....P...AA...RM....RM.......
6 6 0 P...BBP.........AA...RM....RM.......
7 6 1 P...BBP.....AA.......RM....RM.......
8 6 2 ....BB......PAAR..P..RM.....M.......
8 6 2 ....BB...R..PAAR..P...M.....M.......
7 6 1 ...RBB...R..PAA...P...M.....M.......
8 6 2 ....BBP.....PAAR.....RM.....M.......
8 6 2 ....BBP..R..PAAR......M.....M.......
7 6 1 ...RBBP..R..PAA.......M.....M.......
8 6 2 P...BBP......AAR.....RM.....M.......
8 6 2 P...BBP..R...AAR......M.....M.......
7 6 1 P..RBBP..R...AA.......M.....M.......
6 6 0 ...RBB...R..P..AA.P...M.....M.......
6 6 0 ...RBBP..R..P..AA.....M.....M.......
6 6 0 P..RBBP..R.....AA.....M.....M.......
7 6 1 ...RBB...R..P.AA..P...M.....M.......
7 6 1 ...RBBP..R..P.AA......M.....M.......
7 6 1 P..RBBP..R....AA......M.....M.......
6 6 0 .BB.........P...AAP...M....RM....R..
6 6 0 .BB...P.....P...AA....M....RM....R..
6 6 0 PBB...P.........AA....M....RM....R..
7 6 1 PBB...P.....AA........M....RM....R..
8 6 2 PBB...P.....AA.R.....RM.....M.......
8 6 2 PBB...P..R..AA.R......M.....M.......
7 6 1 PBBR..P..R..AA........M.....M.......
6 6 0 .BBR.....R..P...AAP...M.....M.......
6 6 0 .BBR..P..R..P...AA....M.....M.......
6 6 0 PBBR..P..R......AA....M.....M.......
6 6 0 ...BB...........AAP.....P..RM....RM.
6 6 0 ...BB..........AA.P.....P..RM....RM.
7 6 1 ...BB.........AA..P.....P..RM....RM.
7 6 1 ...BB........AA...P.....P..RM....RM.
8 6 2 ...BB........AAR..P..R..P...M.....M.
8 6 2 ...BB....R...AAR..P.....P...M.....M.
6 6 0 ...BB.......P..AA.P........RM....RM.
6 6 0 ...BB.P.....P..AA..........RM....RM.
6 6 0 P..BB.P........AA..........RM....RM.
7 6 1 ...BB.......P.AA..P........RM....RM.
7 6 1 ...BB.P.....P.AA...........RM....RM.
7 6 1 P..BB.P.......AA...........RM....RM.
7 6 1 ...BB.......PAA...P........RM....RM.
7 6 1 ...BB.P.....PAA............RM....RM.
7 6 1 P..BB.P......AA............RM....RM.
6 6 0 ...BB.......P...AAP..R.....RM.....M.
6 6 0 ...BB.P.....P...AA...R.....RM.....M.
6 6 0 P..BB.P.........AA...R.....RM.....M.
7 6 1 P..BB.P.....AA.......R.....RM.....M.
8 6 2 ...BB.......PAAR..P..R......M.....M.
8 6 2 ...BB....R..PAAR..P.........M.....M.
8 6 2 ...BB.P.....PAAR.....R......M.....M.
8 6 2 ...BB.P..R..PAAR............M.....M.
8 6 2 P..BB.P......AAR.....R......M.....M.
8 6 2 P..BB.P..R...AAR............M.....M.
6 6 0 ....BB..........AAP.....P..RM....RM.
6 6 0 ....BB.........AA.P.....P..RM....RM.
7 6 1 ....BB........AA..P.....P..RM....RM.
7 6 1 ....BB.......AA...P.....P..RM....RM.
8 6 2 ....BB.......AAR..P..R..P...M.....M.
8 6 2 ....BB...R...AAR..P.....P...M.....M.
7 6 1 ...RBB...R...AA...P.....P...M.....M.
6 6 0 ...RBB...R......AAP.....P...M.....M.
6 6 0 ...RBB...R.....AA.P.....P...M.....M.
7 6 1 ...RBB...R....AA..P.....P...M.....M.
6 6 0 ....BB......P..AA.P........RM....RM.
6 6 0 ....BBP.....P..AA..........RM....RM.
6 6 0 P...BBP........AA..........RM....RM.
7 6 1 ....BB......P.AA..P........RM....RM.
7 6 1 ....BBP.....P.AA...........RM....RM.
7 6 1 P...BBP.......AA...........RM....RM.
7 6 1 ....BB......PAA...P........RM....RM.
7 6 1 ....BBP.....PAA............RM....RM.
7 6 1 P...BBP......AA............RM....RM.
6 6 0 ....BB......P...AAP..R.....RM.....M.
6 6 0 ....BBP.....P...AA...R.....RM.....M.
6 6 0 P...BBP.........AA...R.....RM.....M.
7 6 1 P...BBP.....AA.......R.....RM.....M.
8 6 2 ....BB......PAAR..P..R......M.....M.
8 6 2 ....BB...R..PAAR..P.........M.....M.
7 6 1 ...RBB...R..PAA...P.........M.....M.
8 6 2 ....BBP.....PAAR.....R......M.....M.
8 6 2 ....BBP..R..PAAR............M.....M.
7 6 1 ...RBBP..R..PAA.............M.....M.
8 6 2 P...BBP......AAR.....R......M.....M.
8 6 2 P...BBP..R...AAR............M.....M.
7 6 1 P..RBBP..R...AA.............M.....M.
6 6 0 ...RBB...R..P..AA.P.........M.....M.
6 6 0 ...RBBP..R..P..AA...........M.....M.
6 6 0 P..RBBP..R.....AA...........M.....M.
7 6 1 ...RBB...R..P.AA..P.........M.....M.
7 6 1 ...RBBP..R..P.AA............M.....M.
7 6 1 P..RBBP..R....AA............M.....M.
6 6 0 .BB.........P...AAP........RM....RM.
6 6 0 .BB...P.....P...AA.........RM....RM.
6 6 0 PBB...P.........AA.........RM....RM.
7 6 1 PBB...P.....AA.............RM....RM.
8 6 2 PBB...P.....AA.R.....R......M.....M.
8 6 2 PBB...P..R..AA.R............M.....M.
7 6 1 PBBR..P..R..AA..............M.....M.
6 6 0 .BBR.....R..P...AAP.........M.....M.
6 6 0 .BBR..P..R..P...AA..........M.....M.
6 6 0 PBBR..P..R......AA..........M.....M.
7 6 1 ...BB.....M...AAM.P.....P..R.....R..
7 6 1 ....BB....M...AAM.P.....P..R.....R..
7 6 1 ...BB.........AAM.P...M.P..R.....R..
7 6 1 ....BB........AAM.P...M.P..R.....R..
8 6 2 ...BB.....M..AA.M.P.....P..R.....R..
8 6 2 ....BB....M..AA.M.P.....P..R.....R..
8 6 2 ...BB........AA.M.P...M.P..R.....R..
8 6 2 ....BB.......AA.M.P...M.P..R.....R..
8 6 2 ...BB.....M..AARM.P..R..P...........
8 6 2 ...BB....RM..AARM.P.....P...........
8 6 2 ....BB....M..AARM.P..R..P...........
8 6 2 ....BB...RM..AARM.P.....P...........
8 6 2 ...RBB...RM..AA.M.P.....P...........
8 6 2 ...BB........AARM.P..RM.P...........
8 6 2 ...BB....R...AARM.P...M.P...........
8 6 2 ....BB.......AARM.P..RM.P...........
8 6 2 ....BB...R...AARM.P...M.P...........
8 6 2 ...RBB...R...AA.M.P...M.P...........
7 6 1 ...RBB...RM...AAM.P.....P...........
7 6 1 ...RBB...R....AAM.P...M.P...........
8 6 2 PBB...P...M.AA..M..........R.....R..
8 6 2 PBB...P.....AA..M.....M....R.....R..
7 6 1 ...BB.....M.P.AAM.P........R.....R..
7 6 1 ...BB.P...M.P.AAM..........R.....R..
7 6 1 P..BB.P...M...AAM..........R.....R..
7 6 1 ....BB....M.P.AAM.P........R.....R..
7 6 1 ....BBP...M.P.AAM..........R.....R..
7 6 1 P...BBP...M...AAM..........R.....R..
7 6 1 ...BB.......P.AAM.P...M....R.....R..
7 6 1 ...BB.P.....P.AAM.....M....R.....R..
7 6 1 P..BB.P.......AAM.....M....R.....R..
7 6 1 ....BB......P.AAM.P...M....R.....R..
7 6 1 ....BBP.....P.AAM.....M....R.....R..
7 6 1 P...BBP.......AAM.....M....R.....R..
8 6 2 ...BB.....M.PAA.M.P........R.....R..
8 6 2 ...BB.P...M.PAA.M..........R.....R..
8 6 2 P..BB.P...M..AA.M..........R.....R..
8 6 2 ....BB....M.PAA.M.P........R.....R..
8 6 2 ....BBP...M.PAA.M..........R.....R..
8 6 2 P...BBP...M..AA.M..........R.....R..
8 6 2 ...BB.......PAA.M.P...M....R.....R..
8 6 2 ...BB.P.....PAA.M.....M....R.....R..
8 6 2 P..BB.P......AA.M.....M....R.....R..
8 6 2 ....BB......PAA.M.P...M....R.....R..
8 6 2 ....BBP.....PAA.M.....M....R.....R..
8 6 2 P...BBP......AA.M.....M....R.....R..
8 6 2 P..BB.P...M.AA..M....R.....R........
8 6 2 P...BBP...M.AA..M....R.....R........
9 6 3 PBB...P...M.AA.RM....R..............
9 6 3 PBB...P..RM.AA.RM...................
8 6 2 PBBR..P..RM.AA..M...................
8 6 2 P..BB.P.....AA..M....RM....R........
8 6 2 P...BBP.....AA..M....RM....R........
9 6 3 PBB...P.....AA.RM....RM.............
9 6 3 PBB...P..R..AA.RM.....M.............
8 6 2 PBBR..P..R..AA..M.....M.............
8 6 2 ...BB.....M.PAARM.P..R..............
8 6 2 ...BB....RM.PAARM.P.................
8 6 2 ...BB.P...M.PAARM....R..............
8 6 2 ...BB.P..RM.PAARM...................
8 6 2 P..BB.P...M..AARM....R..............
8 6 2 P..BB.P..RM..AARM...................
8 6 2 ....BB....M.PAARM.P..R..............
8 6 2 ....BB...RM.PAARM.P.................
8 6 2 ...RBB...RM.PAA.M.P.................
8 6 2 ....BBP...M.PAARM....R..............
8 6 2 ....BBP..RM.PAARM...................
8 6 2 ...RBBP..RM.PAA.M...................
8 6 2 P...BBP...M..AARM....R..............
8 6 2 P...BBP..RM..AARM...................
8 6 2 P..RBBP..RM..AA.M...................
8 6 2 ...BB.......PAARM.P..RM.............
8 6 2 ...BB....R..PAARM.P...M.............
8 6 2 ...BB.P.....PAARM....RM.............
8 6 2 ...BB.P..R..PAARM.....M.............
8 6 2 P..BB.P......AARM....RM.............
8 6 2 P..BB.P..R...AARM.....M.............
8 6 2 ....BB......PAARM.P..RM.............
8 6 2 ....BB...R..PAARM.P...M.............
8 6 2 ...RBB...R..PAA.M.P...M.............
8 6 2 ....BBP.....PAARM....RM.............
8 6 2 ....BBP..R..PAARM.....M.............
8 6 2 ...RBBP..R..PAA.M.....M.............
8 6 2 P...BBP......AARM....RM.............
8 6 2 P...BBP..R...AARM.....M.............
8 6 2 P..RBBP..R...AA.M.....M.............
7 6 1 ...RBB...RM.P.AAM.P.................
7 6 1 ...RBBP..RM.P.AAM...................
7 6 1 P..RBBP..RM...AAM...................
7 6 1 ...RBB...R..P.AAM.P...M.............
7 6 1 ...RBBP..R..P.AAM.....M.............
7 6 1 P..RBBP..R....AAM.....M.............
7 7 0 ..BB........P...AAP...M....RM....R..
7 7 0 ..BB..P.....P...AA....M....RM....R..
7 7 0 P.BB..P.........AA....M....RM....R..
8 7 1 P.BB..P.....AA........M....RM....R..
9 7 2 P.BB..P.....AA.R.....RM.....M.......
9 7 2 P.BB..P..R..AA.R......M.....M.......
7 7 0 ..BB........P...AAP........RM....RM.
7 7 0 ..BB..P.....P...AA.........RM....RM.
7 7 0 P.BB..P.........AA.........RM....RM.
8 7 1 P.BB..P.....AA.............RM....RM.
9 7 2 P.BB..P.....AA.R.....R......M.....M.
9 7 2 P.BB..P..R..AA.R............M.....M.
9 7 2 P.BB..P...M.AA..M..........R.....R..
9 7 2 P.BB..P.....AA..M.....M....R.....R..
10 7 3 P.BB..P...M.AA.RM....R..............
10 7 3 P.BB..P..RM.AA.RM...................
10 7 3 P.BB..P.....AA.RM....RM.............
10 7 3 P.BB..P..R..AA.RM.....M.............
7 7 0 BB..........P...AAP...M....RM....R..
7 7 0 BB....P.....P...AA....M....RM....R..
7 7 0 BB.R.....R..P...AAP...M.....M.......
7 7 0 BB.R..P..R..P...AA....M.....M.......
7 7 0 BB..........P...AAP........RM....RM.
7 7 0 BB....P.....P...AA.........RM....RM.
7 7 0 BB.R.....R..P...AAP.........M.....M.
7 7 0 BB.R..P..R..P...AA..........M.....M.
7 7 0 ...BB.......P...AAP...M....RM....R..
7 7 0 ...BB.P.....P...AA....M....RM....R..
7 7 0 P..BB.P.........AA....M....RM....R..
8 7 1 P..BB.P.....AA........M....RM....R..
9 7 2 P..BB.P.....AA.R.....RM.....M.......
9 7 2 P..BB.P..R..AA.R......M.....M.......
7 7 0 ....BB......P...AAP...M....RM....R..
7 7 0 ....BBP.....P...AA....M....RM....R..
7 7 0 P...BBP.........AA....M....RM....R..
8 7 1 P...BBP.....AA........M....RM....R..
9 7 2 P...BBP.....AA.R.....RM.....M.......
9 7 2 P...BBP..R..AA.R......M.....M.......
8 7 1 P..RBBP..R..AA........M.....M.......
7 7 0 ...RBB...R..P...AAP...M.....M.......
7 7 0 ...RBBP..R..P...AA....M.....M.......
7 7 0 P..RBBP..R......AA....M.....M.......
7 7 0 ...BB.......P...AAP........RM....RM.
7 7 0 ...BB.P.....P...AA.........RM....RM.
7 7 0 P..BB.P.........AA.........RM....RM.
8 7 1 P..BB.P.....AA.............RM....RM.
9 7 2 P..BB.P.....AA.R.....R......M.....M.
9 7 2 P..BB.P..R..AA.R............M.....M.
7 7 0 ....BB......P...AAP........RM....RM.
7 7 0 ....BBP.....P...AA.........RM....RM.
7 7 0 P...BBP.........AA.........RM....RM.
8 7 1 P...BBP.....AA.............RM....RM.
9 7 2 P...BBP.....AA.R.....R......M.....M.
9 7 2 P...BBP..R..AA.R............M.....M.
8 7 1 P..RBBP..R..AA..............M.....M.
7 7 0 ...RBB...R..P...AAP.........M.....M.
7 7 0 ...RBBP..R..P...AA..........M.....M.
7 7 0 P..RBBP..R......AA..........M.....M.
9 7 2 P..BB.P...M.AA..M..........R.....R..
9 7 2 P...BBP...M.AA..M..........R.....R..
9 7 2 P..BB.P.....AA..M.....M....R.....R..
9 7 2 P...BBP.....AA..M.....M....R.....R..
10 7 3 P..BB.P...M.AA.RM....R..............
10 7 3 P..BB.P..RM.AA.RM...................
10 7 3 P...BBP...M.AA.RM....R..............
10 7 3 P...BBP..RM.AA.RM...................
9 7 2 P..RBBP..RM.AA..M...................
10 7 3 P..BB.P.....AA.RM....RM.............
10 7 3 P..BB.P..R..AA.RM.....M.............
10 7 3 P...BBP.....AA.RM....RM.............
10 7 3 P...BBP..R..AA.RM.....M.............
9 7 2 P..RBBP..R..AA..M.....M.............
