0 0 0 .BB.M.....M..AASS.R.....R..P.....P..
1 1 0 .BB.M.....M.AA.SS.R.....R..P.....P..
1 1 0 ..BBM.....M..AASS.R.....R..P.....P..
1 1 0 BB..M.....M..AASS.R.....R..P.....P..
1 1 0 .BB.M.....M..AASS.R..P..R..P........
1 1 0 .BB.M.....M.RAASS.R........P.....P..
1 1 0 .BB.M.R...M.RAASS..........P.....P..
1 1 0 RBB.M.R...M..AASS..........P.....P..
1 1 0 .BB.M.....M..AASS.......R..P..R..P..
1 1 0 .BB.M.....M..AA...R.....R..P.....P..
2 2 0 ..BBM.....M.AA.SS.R.....R..P.....P..
2 2 0 BB..M.....M.AA.SS.R.....R..P.....P..
2 2 0 .BB.M.....M.AA.SS.R..P..R..P........
2 2 0 .BB.M.....M.AA.SS.......R..P..R..P..
2 2 0 .BB.M.....M.AA....R.....R..P.....P..
2 2 0 .BB.M.....M.AASS..R.....R..P.....P..
2 2 0 ..BBM.....M..AASS.R..P..R..P........
2 2 0 ..BBM.....M.RAASS.R........P.....P..
2 2 0 ..BBM.R...M.RAASS..........P.....P..
2 2 0 R.BBM.R...M..AASS..........P.....P..
2 2 0 ..BBM.....M..AASS.......R..P..R..P..
2 2 0 ..BBM.....M..AA...R.....R..P.....P..
2 2 0 BB..M.....M..AASS.R..P..R..P........
2 2 0 BB..M.....M.RAASS.R........P.....P..
2 2 0 BB..M.R...M.RAASS..........P.....P..
2 2 0 BB..M.....M..AASS.......R..P..R..P..
2 2 0 BB..M.....M..AA...R.....R..P.....P..
2 2 0 .BB.M.....M.RAASS.R..P.....P........
2 2 0 .BB.M.R...M.RAASS....P.....P........
2 2 0 RBB.M.R...M..AASS....P.....P........
2 2 0 .BB.M.....M..AASS....P..R..P..R.....
2 2 0 .BB.M.....M..AA...R..P..R..P........
2 2 0 .BB.M.....M.RAA...R........P.....P..
2 2 0 .BB.M.R...M.RAA............P.....P..
2 2 0 RBB.M.R...M.AA.SS..........P.....P..
2 2 0 RBB.M.R...M..AA............P.....P..
2 2 0 .BB.M.....M..AA.........R..P..R..P..
2 2 0 .BB.M.....M...AA..R.....R..P.....P..
2 2 0 .BB.M.....M....AA.R.....R..P.....P..
2 2 0 .BB.M.....M.....AAR.....R..P.....P..
2 2 0 .BB.......M..AA.M.R.....R..P.....P..
2 2 0 .BB..........AA.M.R...M.R..P.....P..
2 2 0 .BB..........AA...R...M.R..PM....P..
2 2 0 .BB..........AA...R.....R..PM....PM.
2 2 0 .BB.M.....M..AAP..R..P..R...........
2 2 0 .BB.M....PM..AAP..R.....R...........
2 2 0 .BBPM....PM..AA...R.....R...........
3 3 0 ..BBM.....M.AA.SS.R..P..R..P........
3 3 0 ..BBM.....M.AA.SS.......R..P..R..P..
3 3 0 ..BBM.....M.AA....R.....R..P.....P..
3 3 0 ..BBM.....M.AASS..R.....R..P.....P..
3 3 0 BB..M.....M.AA.SS.R..P..R..P........
3 3 0 BB..M.....M.AA.SS.......R..P..R..P..
3 3 0 BB..M.....M.AA....R.....R..P.....P..
3 3 0 BB..M.....M.AASS..R.....R..P.....P..
3 3 0 .BB.M.....M.AA.SS....P..R..P..R.....
3 3 0 .BB.M.....M.AA....R..P..R..P........
3 3 0 .BB.M.....M.AASS..R..P..R..P........
3 3 0 .BB.M.....M.AA..........R..P..R..P..
3 3 0 .BB.M.....M.AASS........R..P..R..P..
3 3 0 .BB.......M.AA..M.R.....R..P.....P..
3 3 0 .BB.........AA..M.R...M.R..P.....P..
3 3 0 .BB.........AA....R...M.R..PM....P..
3 3 0 .BB.........AA....R.....R..PM....PM.
3 3 0 .BB.M.....M.AA.P..R..P..R...........
3 3 0 .BB.M....PM.AA.P..R.....R...........
3 3 0 .BBPM....PM.AA....R.....R...........
3 3 0 .BB.......M.AASSM.R.....R..P.....P..
3 3 0 .BB.........AASSM.R...M.R..P.....P..
3 3 0 .BB.........AASS..R...M.R..PM....P..
3 3 0 .BB.........AASS..R.....R..PM....PM.
3 3 0 ..BBM.....M.RAASS.R..P.....P........
3 3 0 ..BBM.R...M.RAASS....P.....P........
3 3 0 R.BBM.R...M..AASS....P.....P........
3 3 0 ..BBM.....M..AASS....P..R..P..R.....
3 3 0 ..BBM.....M..AA...R..P..R..P........
3 3 0 ..BBM.....M.RAA...R........P.....P..
3 3 0 ..BBM.R...M.RAA............P.....P..
3 3 0 R.BBM.R...M.AA.SS..........P.....P..
3 3 0 R.BBM.R...M..AA............P.....P..
3 3 0 ..BBM.....M..AA.........R..P..R..P..
3 3 0 ..BBM.....M...AA..R.....R..P.....P..
3 3 0 ..BBM.....M....AA.R.....R..P.....P..
3 3 0 ..BBM.....M.....AAR.....R..P.....P..
3 3 0 ..BB......M..AA.M.R.....R..P.....P..
3 3 0 ..BB.........AA.M.R...M.R..P.....P..
3 3 0 ..BB.........AA...R...M.R..PM....P..
3 3 0 ..BB.........AA...R.....R..PM....PM.
3 3 0 ..BBM.....M..AAP..R..P..R...........
3 3 0 ..BBM....PM..AAP..R.....R...........
3 3 0 BB..M.....M.RAASS.R..P.....P........
3 3 0 BB..M.R...M.RAASS....P.....P........
3 3 0 BB..M.....M..AASS....P..R..P..R.....
3 3 0 BB..M.....M..AA...R..P..R..P........
3 3 0 BB..M.....M.RAA...R........P.....P..
3 3 0 BB..M.R...M.RAA............P.....P..
3 3 0 BB..M.....M..AA.........R..P..R..P..
3 3 0 BB..M.....M...AA..R.....R..P.....P..
3 3 0 BB..M.....M....AA.R.....R..P.....P..
3 3 0 BB..M.....M.....AAR.....R..P.....P..
3 3 0 BB........M..AA.M.R.....R..P.....P..
3 3 0 BB...........AA.M.R...M.R..P.....P..
3 3 0 BB...........AA...R...M.R..PM....P..
3 3 0 BB...........AA...R.....R..PM....PM.
3 3 0 BB..M.....M..AAP..R..P..R...........
3 3 0 BB..M....PM..AAP..R.....R...........
3 3 0 BB.PM....PM..AA...R.....R...........
3 3 0 .BB.M.....M.RAA...R..P.....P........
3 3 0 .BB.M.R...M.RAA......P.....P........
3 3 0 RBB.M.R...M.AA.SS....P.....P........
3 3 0 RBB.M.R...M..AA......P.....P........
3 3 0 .BB.M.....M..AA......P..R..P..R.....
3 3 0 .BB.M.....M...AA..R..P..R..P........
3 3 0 .BB.M.....M....AA.R..P..R..P........
3 3 0 .BB.M.....M.....AAR..P..R..P........
3 3 0 .BB.......M..AA.M.R..P..R..P........
3 3 0 .BB..........AA.M.R..PM.R..P........
3 3 0 .BB..........AA...R..PM.R..PM.......
3 3 0 .BB..........AA...R..P..R..PM.....M.
3 3 0 .BB.M.....M.R.AA..R........P.....P..
3 3 0 .BB.M.....M.R..AA.R........P.....P..
3 3 0 .BB.M.....M.R...AAR........P.....P..
3 3 0 .BB.......M.RAA.M.R........P.....P..
3 3 0 .BB.........RAA.M.R...M....P.....P..
3 3 0 .BB.........RAA...R...M....PM....P..
3 3 0 .BB.........RAA...R........PM....PM.
3 3 0 .BB.M.....M.RAAP..R..P..............
3 3 0 .BB.M....PM.RAAP..R.................
3 3 0 .BBPM....PM.RAA...R.................
3 3 0 .BB.M.R...M.R.AA...........P.....P..
3 3 0 .BB.M.R...M.R..AA..........P.....P..
3 3 0 .BB.M.R...M.R...AA.........P.....P..
3 3 0 .BB...R...M.RAA.M..........P.....P..
3 3 0 .BB...R.....RAA.M.....M....P.....P..
3 3 0 .BB...R.....RAA.......M....PM....P..
3 3 0 .BB...R.....RAA............PM....PM.
3 3 0 .BB.M.R...M.RAAP.....P..............
3 3 0 .BB.M.R..PM.RAAP....................
3 3 0 .BBPM.R..PM.RAA.....................
3 3 0 RBB.M.R...M.AA.............P.....P..
3 3 0 RBB.M.R...M.AASS...........P.....P..
3 3 0 RBB.M.R...M...AA...........P.....P..
3 3 0 RBB.M.R...M....AA..........P.....P..
3 3 0 RBB.M.R...M.....AA.........P.....P..
3 3 0 RBB...R...M..AA.M..........P.....P..
3 3 0 RBB...R......AA.M.....M....P.....P..
3 3 0 RBB...R......AA.......M....PM....P..
3 3 0 RBB...R......AA............PM....PM.
3 3 0 RBB.M.R...M..AAP.....P..............
3 3 0 RBB.M.R..PM..AAP....................
3 3 0 RBBPM.R..PM..AA.....................
3 3 0 .BB.M.....M...AA........R..P..R..P..
3 3 0 .BB.M.....M....AA.......R..P..R..P..
3 3 0 .BB.M.....M.....AA......R..P..R..P..
3 3 0 .BB.......M..AA.M.......R..P..R..P..
3 3 0 .BB..........AA.M.....M.R..P..R..P..
3 3 0 .BB..........AA.......M.R..PM.R..P..
3 3 0 .BB..........AA.........R..PM.R..PM.
3 3 0 .BB.M.....M..AAP.....P..R.....R.....
3 3 0 .BB.M....PM..AAP........R.....R.....
3 3 0 .BBPM....PM..AA.........R.....R.....
3 3 0 .BB.......M...AAM.R.....R..P.....P..
3 3 0 .BB...........AAM.R...M.R..P.....P..
3 3 0 .BB...........AA..R...M.R..PM....P..
3 3 0 .BB...........AA..R.....R..PM....PM.
3 3 0 ...BB.....M..AA.M.R.....R..P.....P..
3 3 0 ....BB....M..AA.M.R.....R..P.....P..
3 3 0 .BB.......M..AAPM.R..P..R...........
3 3 0 .BB......PM..AAPM.R.....R...........
3 3 0 .BBP.....PM..AA.M.R.....R...........
3 3 0 ...BB........AA.M.R...M.R..P.....P..
3 3 0 ....BB.......AA.M.R...M.R..P.....P..
3 3 0 .BB..........AAPM.R..PM.R...........
3 3 0 .BB......P...AAPM.R...M.R...........
3 3 0 .BBP.....P...AA.M.R...M.R...........
3 3 0 .BB............AA.R...M.R..PM....P..
3 3 0 .BB.............AAR...M.R..PM....P..
3 3 0 ...BB........AA...R...M.R..PM....P..
3 3 0 ....BB.......AA...R...M.R..PM....P..
3 3 0 .BB..........AAP..R..PM.R...M.......
3 3 0 .BB......P...AAP..R...M.R...M.......
3 3 0 .BBP.....P...AA...R...M.R...M.......
3 3 0 .BB............AA.R.....R..PM....PM.
3 3 0 .BB.............AAR.....R..PM....PM.
3 3 0 ...BB........AA...R.....R..PM....PM.
3 3 0 ....BB.......AA...R.....R..PM....PM.
3 3 0 .BB..........AAP..R..P..R...M.....M.
3 3 0 .BB......P...AAP..R.....R...M.....M.
3 3 0 .BBP.....P...AA...R.....R...M.....M.
3 3 0 .BBPM....PM...AA..R.....R...........
3 3 0 .BBPM....PM....AA.R.....R...........
3 3 0 .BBPM....PM.....AAR.....R...........
4 4 0 ..BBM.....M.AA.SS....P..R..P..R.....
4 4 0 ..BBM.....M.AA....R..P..R..P........
4 4 0 ..BBM.....M.AASS..R..P..R..P........
4 4 0 ..BBM.....M.AA..........R..P..R..P..
4 4 0 ..BBM.....M.AASS........R..P..R..P..
4 4 0 ..BB......M.AA..M.R.....R..P.....P..
4 4 0 ..BB........AA..M.R...M.R..P.....P..
4 4 0 ..BB........AA....R...M.R..PM....P..
4 4 0 ..BB........AA....R.....R..PM....PM.
4 4 0 ..BBM.....M.AA.P..R..P..R...........
4 4 0 ..BBM....PM.AA.P..R.....R...........
4 4 0 ..BB......M.AASSM.R.....R..P.....P..
4 4 0 ..BB........AASSM.R...M.R..P.....P..
4 4 0 ..BB........AASS..R...M.R..PM....P..
4 4 0 ..BB........AASS..R.....R..PM....PM.
4 4 0 BB..M.....M.AA.SS....P..R..P..R.....
4 4 0 BB..M.....M.AA....R..P..R..P........
4 4 0 BB..M.....M.AASS..R..P..R..P........
4 4 0 BB..M.....M.AA..........R..P..R..P..
4 4 0 BB..M.....M.AASS........R..P..R..P..
4 4 0 BB........M.AA..M.R.....R..P.....P..
4 4 0 BB..........AA..M.R...M.R..P.....P..
4 4 0 BB..........AA....R...M.R..PM....P..
4 4 0 BB..........AA....R.....R..PM....PM.
4 4 0 BB..M.....M.AA.P..R..P..R...........
4 4 0 BB..M....PM.AA.P..R.....R...........
4 4 0 BB.PM....PM.AA....R.....R...........
4 4 0 BB........M.AASSM.R.....R..P.....P..
4 4 0 BB..........AASSM.R...M.R..P.....P..
4 4 0 BB..........AASS..R...M.R..PM....P..
4 4 0 BB..........AASS..R.....R..PM....PM.
4 4 0 .BB.M.....M.AA.......P..R..P..R.....
4 4 0 .BB.M.....M.AASS.....P..R..P..R.....
4 4 0 .BB.......M.AA..M.R..P..R..P........
4 4 0 .BB.........AA..M.R..PM.R..P........
4 4 0 .BB.........AA....R..PM.R..PM.......
4 4 0 .BB.........AA....R..P..R..PM.....M.
4 4 0 .BB.......M.AASSM.R..P..R..P........
4 4 0 .BB.........AASSM.R..PM.R..P........
4 4 0 .BB.........AASS..R..PM.R..PM.......
4 4 0 .BB.........AASS..R..P..R..PM.....M.
4 4 0 .BB.......M.AA..M.......R..P..R..P..
4 4 0 .BB.........AA..M.....M.R..P..R..P..
4 4 0 .BB.........AA........M.R..PM.R..P..
4 4 0 .BB.........AA..........R..PM.R..PM.
4 4 0 .BB.M.....M.AA.P.....P..R.....R.....
4 4 0 .BB.M....PM.AA.P........R.....R.....
4 4 0 .BBPM....PM.AA..........R.....R.....
4 4 0 .BB.......M.AASSM.......R..P..R..P..
4 4 0 .BB.........AASSM.....M.R..P..R..P..
4 4 0 .BB.........AASS......M.R..PM.R..P..
4 4 0 .BB.........AASS........R..PM.R..PM.
4 4 0 ...BB.....M.AA..M.R.....R..P.....P..
4 4 0 ....BB....M.AA..M.R.....R..P.....P..
4 4 0 .BB.......M.AA.PM.R..P..R...........
4 4 0 .BB......PM.AA.PM.R.....R...........
4 4 0 .BBP.....PM.AA..M.R.....R...........
4 4 0 ...BB.......AA..M.R...M.R..P.....P..
4 4 0 ....BB......AA..M.R...M.R..P.....P..
4 4 0 .BB.........AA.PM.R..PM.R...........
4 4 0 .BB......P..AA.PM.R...M.R...........
4 4 0 .BBP.....P..AA..M.R...M.R...........
4 4 0 ...BB.......AA....R...M.R..PM....P..
4 4 0 ....BB......AA....R...M.R..PM....P..
4 4 0 .BB.........AA.P..R..PM.R...M.......
4 4 0 .BB......P..AA.P..R...M.R...M.......
4 4 0 .BBP.....P..AA....R...M.R...M.......
4 4 0 ...BB.......AA....R.....R..PM....PM.
4 4 0 ....BB......AA....R.....R..PM....PM.
4 4 0 .BB.........AA.P..R..P..R...M.....M.
4 4 0 .BB......P..AA.P..R.....R...M.....M.
4 4 0 .BBP.....P..AA....R.....R...M.....M.
4 4 0 ...BB.....M.AASSM.R.....R..P.....P..
4 4 0 ....BB....M.AASSM.R.....R..P.....P..
4 4 0 ...BB.......AASSM.R...M.R..P.....P..
4 4 0 ....BB......AASSM.R...M.R..P.....P..
4 4 0 ...BB.......AASS..R...M.R..PM....P..
4 4 0 ....BB......AASS..R...M.R..PM....P..
4 4 0 ...BB.......AASS..R.....R..PM....PM.
4 4 0 ....BB......AASS..R.....R..PM....PM.
4 4 0 ..BBM.....M.RAA...R..P.....P........
4 4 0 ..BBM.R...M.RAA......P.....P........
4 4 0 R.BBM.R...M.AA.SS....P.....P........
4 4 0 R.BBM.R...M..AA......P.....P........
4 4 0 ..BBM.....M..AA......P..R..P..R.....
4 4 0 ..BBM.....M...AA..R..P..R..P........
4 4 0 ..BBM.....M....AA.R..P..R..P........
4 4 0 ..BBM.....M.....AAR..P..R..P........
4 4 0 ..BB......M..AA.M.R..P..R..P........
4 4 0 ..BB.........AA.M.R..PM.R..P........
4 4 0 ..BB.........AA...R..PM.R..PM.......
4 4 0 ..BB.........AA...R..P..R..PM.....M.
4 4 0 ..BBM.....M.R.AA..R........P.....P..
4 4 0 ..BBM.....M.R..AA.R........P.....P..
4 4 0 ..BBM.....M.R...AAR........P.....P..
4 4 0 ..BB......M.RAA.M.R........P.....P..
4 4 0 ..BB........RAA.M.R...M....P.....P..
4 4 0 ..BB........RAA...R...M....PM....P..
4 4 0 ..BB........RAA...R........PM....PM.
4 4 0 ..BBM.....M.RAAP..R..P..............
4 4 0 ..BBM....PM.RAAP..R.................
4 4 0 ..BBM.R...M.R.AA...........P.....P..
4 4 0 ..BBM.R...M.R..AA..........P.....P..
4 4 0 ..BBM.R...M.R...AA.........P.....P..
4 4 0 ..BB..R...M.RAA.M..........P.....P..
4 4 0 ..BB..R.....RAA.M.....M....P.....P..
4 4 0 ..BB..R.....RAA.......M....PM....P..
4 4 0 ..BB..R.....RAA............PM....PM.
4 4 0 ..BBM.R...M.RAAP.....P..............
4 4 0 ..BBM.R..PM.RAAP....................
4 4 0 R.BBM.R...M.AA.............P.....P..
4 4 0 R.BBM.R...M.AASS...........P.....P..
4 4 0 R.BBM.R...M...AA...........P.....P..
4 4 0 R.BBM.R...M....AA..........P.....P..
4 4 0 R.BBM.R...M.....AA.........P.....P..
4 4 0 R.BB..R...M..AA.M..........P.....P..
4 4 0 R.BB..R......AA.M.....M....P.....P..
4 4 0 R.BB..R......AA.......M....PM....P..
4 4 0 R.BB..R......AA............PM....PM.
4 4 0 R.BBM.R...M..AAP.....P..............
4 4 0 R.BBM.R..PM..AAP....................
4 4 0 ..BBM.....M...AA........R..P..R..P..
4 4 0 ..BBM.....M....AA.......R..P..R..P..
4 4 0 ..BBM.....M.....AA......R..P..R..P..
4 4 0 ..BB......M..AA.M.......R..P..R..P..
4 4 0 ..BB.........AA.M.....M.R..P..R..P..
4 4 0 ..BB.........AA.......M.R..PM.R..P..
4 4 0 ..BB.........AA.........R..PM.R..PM.
4 4 0 ..BBM.....M..AAP.....P..R.....R.....
4 4 0 ..BBM....PM..AAP........R.....R.....
4 4 0 ..BB......M...AAM.R.....R..P.....P..
4 4 0 ..BB..........AAM.R...M.R..P.....P..
4 4 0 ..BB..........AA..R...M.R..PM....P..
4 4 0 ..BB..........AA..R.....R..PM....PM.
4 4 0 ..BB......M..AAPM.R..P..R...........
4 4 0 ..BB.....PM..AAPM.R.....R...........
4 4 0 ..BB.........AAPM.R..PM.R...........
4 4 0 ..BB.....P...AAPM.R...M.R...........
4 4 0 ..BB...........AA.R...M.R..PM....P..
4 4 0 ..BB............AAR...M.R..PM....P..
4 4 0 ..BB.........AAP..R..PM.R...M.......
4 4 0 ..BB.....P...AAP..R...M.R...M.......
4 4 0 ..BB...........AA.R.....R..PM....PM.
4 4 0 ..BB............AAR.....R..PM....PM.
4 4 0 ..BB.........AAP..R..P..R...M.....M.
4 4 0 ..BB.....P...AAP..R.....R...M.....M.
4 4 0 BB..M.....M.RAA...R..P.....P........
4 4 0 BB..M.R...M.RAA......P.....P........
4 4 0 BB..M.....M..AA......P..R..P..R.....
4 4 0 BB..M.....M...AA..R..P..R..P........
4 4 0 BB..M.....M....AA.R..P..R..P........
4 4 0 BB..M.....M.....AAR..P..R..P........
4 4 0 BB........M..AA.M.R..P..R..P........
4 4 0 BB...........AA.M.R..PM.R..P........
4 4 0 BB...........AA...R..PM.R..PM.......
4 4 0 BB...........AA...R..P..R..PM.....M.
4 4 0 BB..M.....M.R.AA..R........P.....P..
4 4 0 BB..M.....M.R..AA.R........P.....P..
4 4 0 BB..M.....M.R...AAR........P.....P..
4 4 0 BB........M.RAA.M.R........P.....P..
4 4 0 BB..........RAA.M.R...M....P.....P..
4 4 0 BB..........RAA...R...M....PM....P..
4 4 0 BB..........RAA...R........PM....PM.
4 4 0 BB..M.....M.RAAP..R..P..............
4 4 0 BB..M....PM.RAAP..R.................
4 4 0 BB.PM....PM.RAA...R.................
4 4 0 BB..M.R...M.R.AA...........P.....P..
4 4 0 BB..M.R...M.R..AA..........P.....P..
4 4 0 BB..M.R...M.R...AA.........P.....P..
4 4 0 BB....R...M.RAA.M..........P.....P..
4 4 0 BB....R.....RAA.M.....M....P.....P..
4 4 0 BB....R.....RAA.......M....PM....P..
4 4 0 BB....R.....RAA............PM....PM.
4 4 0 BB..M.R...M.RAAP.....P..............
4 4 0 BB..M.R..PM.RAAP....................
4 4 0 BB.PM.R..PM.RAA.....................
4 4 0 BB..M.....M...AA........R..P..R..P..
4 4 0 BB..M.....M....AA.......R..P..R..P..
4 4 0 BB..M.....M.....AA......R..P..R..P..
4 4 0 BB........M..AA.M.......R..P..R..P..
4 4 0 BB...........AA.M.....M.R..P..R..P..
4 4 0 BB...........AA.......M.R..PM.R..P..
4 4 0 BB...........AA.........R..PM.R..PM.
4 4 0 BB..M.....M..AAP.....P..R.....R.....
4 4 0 BB..M....PM..AAP........R.....R.....
4 4 0 BB.PM....PM..AA.........R.....R.....
4 4 0 BB........M...AAM.R.....R..P.....P..
4 4 0 BB............AAM.R...M.R..P.....P..
4 4 0 BB............AA..R...M.R..PM....P..
4 4 0 BB............AA..R.....R..PM....PM.
4 4 0 BB........M..AAPM.R..P..R...........
4 4 0 BB.......PM..AAPM.R.....R...........
4 4 0 BB.P.....PM..AA.M.R.....R...........
4 4 0 BB...........AAPM.R..PM.R...........
4 4 0 BB.......P...AAPM.R...M.R...........
4 4 0 BB.P.....P...AA.M.R...M.R...........
4 4 0 BB.............AA.R...M.R..PM....P..
4 4 0 BB..............AAR...M.R..PM....P..
4 4 0 BB...........AAP..R..PM.R...M.......
4 4 0 BB.......P...AAP..R...M.R...M.......
4 4 0 BB.P.....P...AA...R...M.R...M.......
4 4 0 BB.............AA.R.....R..PM....PM.
4 4 0 BB..............AAR.....R..PM....PM.
4 4 0 BB...........AAP..R..P..R...M.....M.
4 4 0 BB.......P...AAP..R.....R...M.....M.
4 4 0 BB.P.....P...AA...R.....R...M.....M.
4 4 0 BB.PM....PM...AA..R.....R...........
4 4 0 BB.PM....PM....AA.R.....R...........
4 4 0 BB.PM....PM.....AAR.....R...........
4 4 0 .BB.M.....M.R.AA..R..P.....P........
4 4 0 .BB.M.....M.R..AA.R..P.....P........
4 4 0 .BB.M.....M.R...AAR..P.....P........
4 4 0 .BB.......M.RAA.M.R..P.....P........
4 4 0 .BB.........RAA.M.R..PM....P........
4 4 0 .BB.........RAA...R..PM....PM.......
4 4 0 .BB.........RAA...R..P.....PM.....M.
4 4 0 .BB.M.R...M.R.AA.....P.....P........
4 4 0 .BB.M.R...M.R..AA....P.....P........
4 4 0 .BB.M.R...M.R...AA...P.....P........
4 4 0 .BB...R...M.RAA.M....P.....P........
4 4 0 .BB...R.....RAA.M....PM....P........
4 4 0 .BB...R.....RAA......PM....PM.......
4 4 0 .BB...R.....RAA......P.....PM.....M.
4 4 0 RBB.M.R...M.AA.......P.....P........
4 4 0 RBB.M.R...M.AASS.....P.....P........
4 4 0 RBB.M.R...M...AA.....P.....P........
4 4 0 RBB.M.R...M....AA....P.....P........
4 4 0 RBB.M.R...M.....AA...P.....P........
4 4 0 RBB...R...M..AA.M....P.....P........
4 4 0 RBB...R......AA.M....PM....P........
4 4 0 RBB...R......AA......PM....PM.......
4 4 0 RBB...R......AA......P.....PM.....M.
4 4 0 .BB.M.....M...AA.....P..R..P..R.....
4 4 0 .BB.M.....M....AA....P..R..P..R.....
4 4 0 .BB.M.....M.....AA...P..R..P..R.....
4 4 0 .BB.......M..AA.M....P..R..P..R.....
4 4 0 .BB..........AA.M....PM.R..P..R.....
4 4 0 .BB..........AA......PM.R..PM.R.....
4 4 0 .BB..........AA......P..R..PM.R...M.
4 4 0 .BB.......M...AAM.R..P..R..P........
4 4 0 .BB...........AAM.R..PM.R..P........
4 4 0 .BB...........AA..R..PM.R..PM.......
4 4 0 .BB...........AA..R..P..R..PM.....M.
4 4 0 ...BB.....M..AA.M.R..P..R..P........
4 4 0 ....BB....M..AA.M.R..P..R..P........
4 4 0 ...BB........AA.M.R..PM.R..P........
4 4 0 ....BB.......AA.M.R..PM.R..P........
4 4 0 .BB............AA.R..PM.R..PM.......
4 4 0 .BB.............AAR..PM.R..PM.......
4 4 0 ...BB........AA...R..PM.R..PM.......
4 4 0 ....BB.......AA...R..PM.R..PM.......
4 4 0 .BB............AA.R..P..R..PM.....M.
4 4 0 .BB.............AAR..P..R..PM.....M.
4 4 0 ...BB........AA...R..P..R..PM.....M.
4 4 0 ....BB.......AA...R..P..R..PM.....M.
4 4 0 .BB.......M.R.AAM.R........P.....P..
4 4 0 .BB.........R.AAM.R...M....P.....P..
4 4 0 .BB.........R.AA..R...M....PM....P..
4 4 0 .BB.........R.AA..R........PM....PM.
4 4 0 ...BB.....M.RAA.M.R........P.....P..
4 4 0 ....BB....M.RAA.M.R........P.....P..
4 4 0 .BB.......M.RAAPM.R..P..............
4 4 0 .BB......PM.RAAPM.R.................
4 4 0 .BBP.....PM.RAA.M.R.................
4 4 0 ...BB.......RAA.M.R...M....P.....P..
4 4 0 ....BB......RAA.M.R...M....P.....P..
4 4 0 .BB.........RAAPM.R..PM.............
4 4 0 .BB......P..RAAPM.R...M.............
4 4 0 .BBP.....P..RAA.M.R...M.............
4 4 0 .BB.........R..AA.R...M....PM....P..
4 4 0 .BB.........R...AAR...M....PM....P..
4 4 0 ...BB.......RAA...R...M....PM....P..
4 4 0 ....BB......RAA...R...M....PM....P..
4 4 0 .BB.........RAAP..R..PM.....M.......
4 4 0 .BB......P..RAAP..R...M.....M.......
4 4 0 .BBP.....P..RAA...R...M.....M.......
4 4 0 .BB.........R..AA.R........PM....PM.
4 4 0 .BB.........R...AAR........PM....PM.
4 4 0 ...BB.......RAA...R........PM....PM.
4 4 0 ....BB......RAA...R........PM....PM.
4 4 0 .BB.........RAAP..R..P......M.....M.
4 4 0 .BB......P..RAAP..R.........M.....M.
4 4 0 .BBP.....P..RAA...R.........M.....M.
4 4 0 .BBPM....PM.R.AA..R.................
4 4 0 .BBPM....PM.R..AA.R.................
4 4 0 .BBPM....PM.R...AAR.................
4 4 0 .BB...R...M.R.AAM..........P.....P..
4 4 0 .BB...R.....R.AAM.....M....P.....P..
4 4 0 .BB...R.....R.AA......M....PM....P..
4 4 0 .BB...R.....R.AA...........PM....PM.
4 4 0 ...BB.R...M.RAA.M..........P.....P..
4 4 0 ....BBR...M.RAA.M..........P.....P..
4 4 0 .BB...R...M.RAAPM....P..............
4 4 0 .BB...R..PM.RAAPM...................
4 4 0 .BBP..R..PM.RAA.M...................
4 4 0 ...BB.R.....RAA.M.....M....P.....P..
4 4 0 ....BBR.....RAA.M.....M....P.....P..
4 4 0 .BB...R.....RAAPM....PM.............
4 4 0 .BB...R..P..RAAPM.....M.............
4 4 0 .BBP..R..P..RAA.M.....M.............
4 4 0 .BB...R.....R..AA.....M....PM....P..
4 4 0 .BB...R.....R...AA....M....PM....P..
4 4 0 ...BB.R.....RAA.......M....PM....P..
4 4 0 ....BBR.....RAA.......M....PM....P..
4 4 0 .BB...R.....RAAP.....PM.....M.......
4 4 0 .BB...R..P..RAAP......M.....M.......
4 4 0 .BBP..R..P..RAA.......M.....M.......
4 4 0 .BB...R.....R..AA..........PM....PM.
4 4 0 .BB...R.....R...AA.........PM....PM.
4 4 0 ...BB.R.....RAA............PM....PM.
4 4 0 ....BBR.....RAA............PM....PM.
4 4 0 .BB...R.....RAAP.....P......M.....M.
4 4 0 .BB...R..P..RAAP............M.....M.
4 4 0 .BBP..R..P..RAA.............M.....M.
4 4 0 .BBPM.R..PM.R.AA....................
4 4 0 .BBPM.R..PM.R..AA...................
4 4 0 .BBPM.R..PM.R...AA..................
4 4 0 RBB...R...M.AA..M..........P.....P..
4 4 0 RBB...R.....AA..M.....M....P.....P..
4 4 0 RBB...R.....AA........M....PM....P..
4 4 0 RBB...R.....AA.............PM....PM.
4 4 0 RBB.M.R...M.AA.P.....P..............
4 4 0 RBB.M.R..PM.AA.P....................
4 4 0 RBBPM.R..PM.AA......................
4 4 0 RBB...R...M.AASSM..........P.....P..
4 4 0 RBB...R.....AASSM.....M....P.....P..
4 4 0 RBB...R.....AASS......M....PM....P..
4 4 0 RBB...R.....AASS...........PM....PM.
4 4 0 RBB...R...M...AAM..........P.....P..
4 4 0 RBB...R.......AAM.....M....P.....P..
4 4 0 RBB...R.......AA......M....PM....P..
4 4 0 RBB...R.......AA...........PM....PM.
4 4 0 R..BB.R...M..AA.M..........P.....P..
4 4 0 R...BBR...M..AA.M..........P.....P..
4 4 0 RBB...R...M..AAPM....P..............
4 4 0 RBB...R..PM..AAPM...................
4 4 0 RBBP..R..PM..AA.M...................
4 4 0 R..BB.R......AA.M.....M....P.....P..
4 4 0 R...BBR......AA.M.....M....P.....P..
4 4 0 RBB...R......AAPM....PM.............
4 4 0 RBB...R..P...AAPM.....M.............
4 4 0 RBBP..R..P...AA.M.....M.............
4 4 0 RBB...R........AA.....M....PM....P..
4 4 0 RBB...R.........AA....M....PM....P..
4 4 0 R..BB.R......AA.......M....PM....P..
4 4 0 R...BBR......AA.......M....PM....P..
4 4 0 RBB...R......AAP.....PM.....M.......
4 4 0 RBB...R..P...AAP......M.....M.......
4 4 0 RBBP..R..P...AA.......M.....M.......
4 4 0 RBB...R........AA..........PM....PM.
4 4 0 RBB...R.........AA.........PM....PM.
4 4 0 R..BB.R......AA............PM....PM.
4 4 0 R...BBR......AA............PM....PM.
4 4 0 RBB...R......AAP.....P......M.....M.
4 4 0 RBB...R..P...AAP............M.....M.
4 4 0 RBBP..R..P...AA.............M.....M.
4 4 0 RBBPM.R..PM...AA....................
4 4 0 RBBPM.R..PM....AA...................
4 4 0 RBBPM.R..PM.....AA..................
4 4 0 .BB.......M...AAM.......R..P..R..P..
4 4 0 .BB...........AAM.....M.R..P..R..P..
4 4 0 .BB...........AA......M.R..PM.R..P..
4 4 0 .BB...........AA........R..PM.R..PM.
4 4 0 ...BB.....M..AA.M.......R..P..R..P..
4 4 0 ....BB....M..AA.M.......R..P..R..P..
4 4 0 .BB.......M..AAPM....P..R.....R.....
4 4 0 .BB......PM..AAPM.......R.....R.....
4 4 0 .BBP.....PM..AA.M.......R.....R.....
4 4 0 ...BB........AA.M.....M.R..P..R..P..
4 4 0 ....BB.......AA.M.....M.R..P..R..P..
4 4 0 .BB..........AAPM....PM.R.....R.....
4 4 0 .BB......P...AAPM.....M.R.....R.....
4 4 0 .BBP.....P...AA.M.....M.R.....R.....
4 4 0 .BB............AA.....M.R..PM.R..P..
4 4 0 .BB.............AA....M.R..PM.R..P..
4 4 0 ...BB........AA.......M.R..PM.R..P..
4 4 0 ....BB.......AA.......M.R..PM.R..P..
4 4 0 .BB..........AAP.....PM.R...M.R.....
4 4 0 .BB......P...AAP......M.R...M.R.....
4 4 0 .BBP.....P...AA.......M.R...M.R.....
4 4 0 .BB............AA.......R..PM.R..PM.
4 4 0 .BB.............AA......R..PM.R..PM.
4 4 0 ...BB........AA.........R..PM.R..PM.
4 4 0 ....BB.......AA.........R..PM.R..PM.
4 4 0 .BB..........AAP.....P..R...M.R...M.
4 4 0 .BB......P...AAP........R...M.R...M.
4 4 0 .BBP.....P...AA.........R...M.R...M.
4 4 0 .BBPM....PM...AA........R.....R.....
4 4 0 .BBPM....PM....AA.......R.....R.....
4 4 0 .BBPM....PM.....AA......R.....R.....
4 4 0 ...BB.....M...AAM.R.....R..P.....P..
4 4 0 ....BB....M...AAM.R.....R..P.....P..
4 4 0 ...BB.........AAM.R...M.R..P.....P..
4 4 0 ....BB........AAM.R...M.R..P.....P..
4 4 0 ...BB.........AA..R...M.R..PM....P..
4 4 0 ....BB........AA..R...M.R..PM....P..
4 4 0 ...BB.........AA..R.....R..PM....PM.
4 4 0 ....BB........AA..R.....R..PM....PM.
4 4 0 ...BB.....M..AAPM.R..P..R...........
4 4 0 ...BB....PM..AAPM.R.....R...........
4 4 0 ....BB....M..AAPM.R..P..R...........
4 4 0 ....BB...PM..AAPM.R.....R...........
4 4 0 ...PBB...PM..AA.M.R.....R...........
4 4 0 .BBP.....PM...AAM.R.....R...........
4 4 0 ...BB........AAPM.R..PM.R...........
4 4 0 ...BB....P...AAPM.R...M.R...........
4 4 0 ....BB.......AAPM.R..PM.R...........
4 4 0 ....BB...P...AAPM.R...M.R...........
4 4 0 ...PBB...P...AA.M.R...M.R...........
4 4 0 .BBP.....P....AAM.R...M.R...........
4 4 0 ...BB..........AA.R...M.R..PM....P..
4 4 0 ....BB.........AA.R...M.R..PM....P..
4 4 0 ...BB...........AAR...M.R..PM....P..
4 4 0 ...BB........AAP..R..PM.R...M.......
4 4 0 ...BB....P...AAP..R...M.R...M.......
4 4 0 ....BB..........AAR...M.R..PM....P..
4 4 0 ....BB.......AAP..R..PM.R...M.......
4 4 0 ....BB...P...AAP..R...M.R...M.......
4 4 0 ...PBB...P...AA...R...M.R...M.......
4 4 0 .BBP.....P....AA..R...M.R...M.......
4 4 0 .BBP.....P.....AA.R...M.R...M.......
4 4 0 .BBP.....P......AAR...M.R...M.......
4 4 0 ...BB..........AA.R.....R..PM....PM.
4 4 0 ....BB.........AA.R.....R..PM....PM.
4 4 0 ...BB...........AAR.....R..PM....PM.
4 4 0 ...BB........AAP..R..P..R...M.....M.
4 4 0 ...BB....P...AAP..R.....R...M.....M.
4 4 0 ....BB..........AAR.....R..PM....PM.
4 4 0 ....BB.......AAP..R..P..R...M.....M.
4 4 0 ....BB...P...AAP..R.....R...M.....M.
4 4 0 ...PBB...P...AA...R.....R...M.....M.
4 4 0 .BBP.....P....AA..R.....R...M.....M.
4 4 0 .BBP.....P.....AA.R.....R...M.....M.
4 4 0 .BBP.....P......AAR.....R...M.....M.
5 5 0 ..BBM.....M.AA.......P..R..P..R.....
5 5 0 ..BBM.....M.AASS.....P..R..P..R.....
5 5 0 ..BB......M.AA..M.R..P..R..P........
5 5 0 ..BB........AA..M.R..PM.R..P........
5 5 0 ..BB........AA....R..PM.R..PM.......
5 5 0 ..BB........AA....R..P..R..PM.....M.
5 5 0 ..BB......M.AASSM.R..P..R..P........
5 5 0 ..BB........AASSM.R..PM.R..P........
5 5 0 ..BB........AASS..R..PM.R..PM.......
5 5 0 ..BB........AASS..R..P..R..PM.....M.
5 5 0 ..BB......M.AA..M.......R..P..R..P..
5 5 0 ..BB........AA..M.....M.R..P..R..P..
5 5 0 ..BB........AA........M.R..PM.R..P..
5 5 0 ..BB........AA..........R..PM.R..PM.
5 5 0 ..BBM.....M.AA.P.....P..R.....R.....
5 5 0 ..BBM....PM.AA.P........R.....R.....
5 5 0 ..BB......M.AASSM.......R..P..R..P..
5 5 0 ..BB........AASSM.....M.R..P..R..P..
5 5 0 ..BB........AASS......M.R..PM.R..P..
5 5 0 ..BB........AASS........R..PM.R..PM.
5 5 0 ..BB......M.AA.PM.R..P..R...........
5 5 0 ..BB.....PM.AA.PM.R.....R...........
5 5 0 ..BB........AA.PM.R..PM.R...........
5 5 0 ..BB.....P..AA.PM.R...M.R...........
5 5 0 ..BB........AA.P..R..PM.R...M.......
5 5 0 ..BB.....P..AA.P..R...M.R...M.......
5 5 0 ..BB........AA.P..R..P..R...M.....M.
5 5 0 ..BB.....P..AA.P..R.....R...M.....M.
5 5 0 BB..M.....M.AA.......P..R..P..R.....
5 5 0 BB..M.....M.AASS.....P..R..P..R.....
5 5 0 BB........M.AA..M.R..P..R..P........
5 5 0 BB..........AA..M.R..PM.R..P........
5 5 0 BB..........AA....R..PM.R..PM.......
5 5 0 BB..........AA....R..P..R..PM.....M.
5 5 0 BB........M.AASSM.R..P..R..P........
5 5 0 BB..........AASSM.R..PM.R..P........
5 5 0 BB..........AASS..R..PM.R..PM.......
5 5 0 BB..........AASS..R..P..R..PM.....M.
5 5 0 BB........M.AA..M.......R..P..R..P..
5 5 0 BB..........AA..M.....M.R..P..R..P..
5 5 0 BB..........AA........M.R..PM.R..P..
5 5 0 BB..........AA..........R..PM.R..PM.
5 5 0 BB..M.....M.AA.P.....P..R.....R.....
5 5 0 BB..M....PM.AA.P........R.....R.....
5 5 0 BB.PM....PM.AA..........R.....R.....
5 5 0 BB........M.AASSM.......R..P..R..P..
5 5 0 BB..........AASSM.....M.R..P..R..P..
5 5 0 BB..........AASS......M.R..PM.R..P..
5 5 0 BB..........AASS........R..PM.R..PM.
5 5 0 BB........M.AA.PM.R..P..R...........
5 5 0 BB.......PM.AA.PM.R.....R...........
5 5 0 BB.P.....PM.AA..M.R.....R...........
5 5 0 BB..........AA.PM.R..PM.R...........
5 5 0 BB.......P..AA.PM.R...M.R...........
5 5 0 BB.P.....P..AA..M.R...M.R...........
5 5 0 BB..........AA.P..R..PM.R...M.......
5 5 0 BB.......P..AA.P..R...M.R...M.......
5 5 0 BB.P.....P..AA....R...M.R...M.......
5 5 0 BB..........AA.P..R..P..R...M.....M.
5 5 0 BB.......P..AA.P..R.....R...M.....M.
5 5 0 BB.P.....P..AA....R.....R...M.....M.
5 5 0 .BB.......M.AA..M....P..R..P..R.....
5 5 0 .BB.........AA..M....PM.R..P..R.....
5 5 0 .BB.........AA.......PM.R..PM.R.....
5 5 0 .BB.........AA.......P..R..PM.R...M.
5 5 0 .BB.......M.AASSM....P..R..P..R.....
5 5 0 .BB.........AASSM....PM.R..P..R.....
5 5 0 .BB.........AASS.....PM.R..PM.R.....
5 5 0 .BB.........AASS.....P..R..PM.R...M.
5 5 0 ...BB.....M.AA..M.R..P..R..P........
5 5 0 ....BB....M.AA..M.R..P..R..P........
5 5 0 ...BB.......AA..M.R..PM.R..P........
5 5 0 ....BB......AA..M.R..PM.R..P........
5 5 0 ...BB.......AA....R..PM.R..PM.......
5 5 0 ....BB......AA....R..PM.R..PM.......
5 5 0 ...BB.......AA....R..P..R..PM.....M.
5 5 0 ....BB......AA....R..P..R..PM.....M.
5 5 0 ...BB.....M.AASSM.R..P..R..P........
5 5 0 ....BB....M.AASSM.R..P..R..P........
5 5 0 ...BB.......AASSM.R..PM.R..P........
5 5 0 ....BB......AASSM.R..PM.R..P........
5 5 0 ...BB.......AASS..R..PM.R..PM.......
5 5 0 ....BB......AASS..R..PM.R..PM.......
5 5 0 ...BB.......AASS..R..P..R..PM.....M.
5 5 0 ....BB......AASS..R..P..R..PM.....M.
5 5 0 ...BB.....M.AA..M.......R..P..R..P..
5 5 0 ....BB....M.AA..M.......R..P..R..P..
5 5 0 .BB.......M.AA.PM....P..R.....R.....
5 5 0 .BB......PM.AA.PM.......R.....R.....
5 5 0 .BBP.....PM.AA..M.......R.....R.....
5 5 0 ...BB.......AA..M.....M.R..P..R..P..
5 5 0 ....BB......AA..M.....M.R..P..R..P..
5 5 0 .BB.........AA.PM....PM.R.....R.....
5 5 0 .BB......P..AA.PM.....M.R.....R.....
5 5 0 .BBP.....P..AA..M.....M.R.....R.....
5 5 0 ...BB.......AA........M.R..PM.R..P..
5 5 0 ....BB......AA........M.R..PM.R..P..
5 5 0 .BB.........AA.P.....PM.R...M.R.....
5 5 0 .BB......P..AA.P......M.R...M.R.....
5 5 0 .BBP.....P..AA........M.R...M.R.....
5 5 0 ...BB.......AA..........R..PM.R..PM.
5 5 0 ....BB......AA..........R..PM.R..PM.
5 5 0 .BB.........AA.P.....P..R...M.R...M.
5 5 0 .BB......P..AA.P........R...M.R...M.
5 5 0 .BBP.....P..AA..........R...M.R...M.
5 5 0 ...BB.....M.AASSM.......R..P..R..P..
5 5 0 ....BB....M.AASSM.......R..P..R..P..
5 5 0 ...BB.......AASSM.....M.R..P..R..P..
5 5 0 ....BB......AASSM.....M.R..P..R..P..
5 5 0 ...BB.......AASS......M.R..PM.R..P..
5 5 0 ....BB......AASS......M.R..PM.R..P..
5 5 0 ...BB.......AASS........R..PM.R..PM.
5 5 0 ....BB......AASS........R..PM.R..PM.
5 5 0 ...BB.....M.AA.PM.R..P..R...........
5 5 0 ...BB....PM.AA.PM.R.....R...........
5 5 0 ....BB....M.AA.PM.R..P..R...........
5 5 0 ....BB...PM.AA.PM.R.....R...........
5 5 0 ...PBB...PM.AA..M.R.....R...........
5 5 0 ...BB.......AA.PM.R..PM.R...........
5 5 0 ...BB....P..AA.PM.R...M.R...........
5 5 0 ....BB......AA.PM.R..PM.R...........
5 5 0 ....BB...P..AA.PM.R...M.R...........
5 5 0 ...PBB...P..AA..M.R...M.R...........
5 5 0 ...BB.......AA.P..R..PM.R...M.......
5 5 0 ...BB....P..AA.P..R...M.R...M.......
5 5 0 ....BB......AA.P..R..PM.R...M.......
5 5 0 ....BB...P..AA.P..R...M.R...M.......
5 5 0 ...PBB...P..AA....R...M.R...M.......
5 5 0 ...BB.......AA.P..R..P..R...M.....M.
5 5 0 ...BB....P..AA.P..R.....R...M.....M.
5 5 0 ....BB......AA.P..R..P..R...M.....M.
5 5 0 ....BB...P..AA.P..R.....R...M.....M.
5 5 0 ...PBB...P..AA....R.....R...M.....M.
5 5 0 ..BBM.....M.R.AA..R..P.....P........
5 5 0 ..BBM.....M.R..AA.R..P.....P........
5 5 0 ..BBM.....M.R...AAR..P.....P........
5 5 0 ..BB......M.RAA.M.R..P.....P........
5 5 0 ..BB........RAA.M.R..PM....P........
5 5 0 ..BB........RAA...R..PM....PM.......
5 5 0 ..BB........RAA...R..P.....PM.....M.
5 5 0 ..BBM.R...M.R.AA.....P.....P........
5 5 0 ..BBM.R...M.R..AA....P.....P........
5 5 0 ..BBM.R...M.R...AA...P.....P........
5 5 0 ..BB..R...M.RAA.M....P.....P........
5 5 0 ..BB..R.....RAA.M....PM....P........
5 5 0 ..BB..R.....RAA......PM....PM.......
5 5 0 ..BB..R.....RAA......P.....PM.....M.
5 5 0 R.BBM.R...M.AA.......P.....P........
5 5 0 R.BBM.R...M.AASS.....P.....P........
5 5 0 R.BBM.R...M...AA.....P.....P........
5 5 0 R.BBM.R...M....AA....P.....P........
5 5 0 R.BBM.R...M.....AA...P.....P........
5 5 0 R.BB..R...M..AA.M....P.....P........
5 5 0 R.BB..R......AA.M....PM....P........
5 5 0 R.BB..R......AA......PM....PM.......
5 5 0 R.BB..R......AA......P.....PM.....M.
5 5 0 ..BBM.....M...AA.....P..R..P..R.....
5 5 0 ..BBM.....M....AA....P..R..P..R.....
5 5 0 ..BBM.....M.....AA...P..R..P..R.....
5 5 0 ..BB......M..AA.M....P..R..P..R.....
5 5 0 ..BB.........AA.M....PM.R..P..R.....
5 5 0 ..BB.........AA......PM.R..PM.R.....
5 5 0 ..BB.........AA......P..R..PM.R...M.
5 5 0 ..BB......M...AAM.R..P..R..P........
5 5 0 ..BB..........AAM.R..PM.R..P........
5 5 0 ..BB..........AA..R..PM.R..PM.......
5 5 0 ..BB..........AA..R..P..R..PM.....M.
5 5 0 ..BB...........AA.R..PM.R..PM.......
5 5 0 ..BB............AAR..PM.R..PM.......
5 5 0 ..BB...........AA.R..P..R..PM.....M.
5 5 0 ..BB............AAR..P..R..PM.....M.
5 5 0 ..BB......M.R.AAM.R........P.....P..
5 5 0 ..BB........R.AAM.R...M....P.....P..
5 5 0 ..BB........R.AA..R...M....PM....P..
5 5 0 ..BB........R.AA..R........PM....PM.
5 5 0 ..BB......M.RAAPM.R..P..............
5 5 0 ..BB.....PM.RAAPM.R.................
5 5 0 ..BB........RAAPM.R..PM.............
5 5 0 ..BB.....P..RAAPM.R...M.............
5 5 0 ..BB........R..AA.R...M....PM....P..
5 5 0 ..BB........R...AAR...M....PM....P..
5 5 0 ..BB........RAAP..R..PM.....M.......
5 5 0 ..BB.....P..RAAP..R...M.....M.......
5 5 0 ..BB........R..AA.R........PM....PM.
5 5 0 ..BB........R...AAR........PM....PM.
5 5 0 ..BB........RAAP..R..P......M.....M.
5 5 0 ..BB.....P..RAAP..R.........M.....M.
5 5 0 ..BB..R...M.R.AAM..........P.....P..
5 5 0 ..BB..R.....R.AAM.....M....P.....P..
5 5 0 ..BB..R.....R.AA......M....PM....P..
5 5 0 ..BB..R.....R.AA...........PM....PM.
5 5 0 ..BB..R...M.RAAPM....P..............
5 5 0 ..BB..R..PM.RAAPM...................
5 5 0 ..BB..R.....RAAPM....PM.............
5 5 0 ..BB..R..P..RAAPM.....M.............
5 5 0 ..BB..R.....R..AA.....M....PM....P..
5 5 0 ..BB..R.....R...AA....M....PM....P..
5 5 0 ..BB..R.....RAAP.....PM.....M.......
5 5 0 ..BB..R..P..RAAP......M.....M.......
5 5 0 ..BB..R.....R..AA..........PM....PM.
5 5 0 ..BB..R.....R...AA.........PM....PM.
5 5 0 ..BB..R.....RAAP.....P......M.....M.
5 5 0 ..BB..R..P..RAAP............M.....M.
5 5 0 R.BB..R...M.AA..M..........P.....P..
5 5 0 R.BB..R.....AA..M.....M....P.....P..
5 5 0 R.BB..R.....AA........M....PM....P..
5 5 0 R.BB..R.....AA.............PM....PM.
5 5 0 R.BBM.R...M.AA.P.....P..............
5 5 0 R.BBM.R..PM.AA.P....................
5 5 0 R.BB..R...M.AASSM..........P.....P..
5 5 0 R.BB..R.....AASSM.....M....P.....P..
5 5 0 R.BB..R.....AASS......M....PM....P..
5 5 0 R.BB..R.....AASS...........PM....PM.
5 5 0 R.BB..R...M...AAM..........P.....P..
5 5 0 R.BB..R.......AAM.....M....P.....P..
5 5 0 R.BB..R.......AA......M....PM....P..
5 5 0 R.BB..R.......AA...........PM....PM.
5 5 0 R.BB..R...M..AAPM....P..............
5 5 0 R.BB..R..PM..AAPM...................
5 5 0 R.BB..R......AAPM....PM.............
5 5 0 R.BB..R..P...AAPM.....M.............
5 5 0 R.BB..R........AA.....M....PM....P..
5 5 0 R.BB..R.........AA....M....PM....P..
5 5 0 R.BB..R......AAP.....PM.....M.......
5 5 0 R.BB..R..P...AAP......M.....M.......
5 5 0 R.BB..R........AA..........PM....PM.
5 5 0 R.BB..R.........AA.........PM....PM.
5 5 0 R.BB..R......AAP.....P......M.....M.
5 5 0 R.BB..R..P...AAP............M.....M.
5 5 0 ..BB......M...AAM.......R..P..R..P..
5 5 0 ..BB..........AAM.....M.R..P..R..P..
5 5 0 ..BB..........AA......M.R..PM.R..P..
5 5 0 ..BB..........AA........R..PM.R..PM.
5 5 0 ..BB......M..AAPM....P..R.....R.....
5 5 0 ..BB.....PM..AAPM.......R.....R.....
5 5 0 ..BB.........AAPM....PM.R.....R.....
5 5 0 ..BB.....P...AAPM.....M.R.....R.....
5 5 0 ..BB...........AA.....M.R..PM.R..P..
5 5 0 ..BB............AA....M.R..PM.R..P..
5 5 0 ..BB.........AAP.....PM.R...M.R.....
5 5 0 ..BB.....P...AAP......M.R...M.R.....
5 5 0 ..BB...........AA.......R..PM.R..PM.
5 5 0 ..BB............AA......R..PM.R..PM.
5 5 0 ..BB.........AAP.....P..R...M.R...M.
5 5 0 ..BB.....P...AAP........R...M.R...M.
5 5 0 BB..M.....M.R.AA..R..P.....P........
5 5 0 BB..M.....M.R..AA.R..P.....P........
5 5 0 BB..M.....M.R...AAR..P.....P........
5 5 0 BB........M.RAA.M.R..P.....P........
5 5 0 BB..........RAA.M.R..PM....P........
5 5 0 BB..........RAA...R..PM....PM.......
5 5 0 BB..........RAA...R..P.....PM.....M.
5 5 0 BB..M.R...M.R.AA.....P.....P........
5 5 0 BB..M.R...M.R..AA....P.....P........
5 5 0 BB..M.R...M.R...AA...P.....P........
5 5 0 BB....R...M.RAA.M....P.....P........
5 5 0 BB....R.....RAA.M....PM....P........
5 5 0 BB....R.....RAA......PM....PM.......
5 5 0 BB....R.....RAA......P.....PM.....M.
5 5 0 BB..M.....M...AA.....P..R..P..R.....
5 5 0 BB..M.....M....AA....P..R..P..R.....
5 5 0 BB..M.....M.....AA...P..R..P..R.....
5 5 0 BB........M..AA.M....P..R..P..R.....
5 5 0 BB...........AA.M....PM.R..P..R.....
5 5 0 BB...........AA......PM.R..PM.R.....
5 5 0 BB...........AA......P..R..PM.R...M.
5 5 0 BB........M...AAM.R..P..R..P........
5 5 0 BB............AAM.R..PM.R..P........
5 5 0 BB............AA..R..PM.R..PM.......
5 5 0 BB............AA..R..P..R..PM.....M.
5 5 0 BB.............AA.R..PM.R..PM.......
5 5 0 BB..............AAR..PM.R..PM.......
5 5 0 BB.............AA.R..P..R..PM.....M.
5 5 0 BB..............AAR..P..R..PM.....M.
5 5 0 BB........M.R.AAM.R........P.....P..
5 5 0 BB..........R.AAM.R...M....P.....P..
5 5 0 BB..........R.AA..R...M....PM....P..
5 5 0 BB..........R.AA..R........PM....PM.
5 5 0 BB........M.RAAPM.R..P..............
5 5 0 BB.......PM.RAAPM.R.................
5 5 0 BB.P.....PM.RAA.M.R.................
5 5 0 BB..........RAAPM.R..PM.............
5 5 0 BB.......P..RAAPM.R...M.............
5 5 0 BB.P.....P..RAA.M.R...M.............
5 5 0 BB..........R..AA.R...M....PM....P..
5 5 0 BB..........R...AAR...M....PM....P..
5 5 0 BB..........RAAP..R..PM.....M.......
5 5 0 BB.......P..RAAP..R...M.....M.......
5 5 0 BB.P.....P..RAA...R...M.....M.......
5 5 0 BB..........R..AA.R........PM....PM.
5 5 0 BB..........R...AAR........PM....PM.
5 5 0 BB..........RAAP..R..P......M.....M.
5 5 0 BB.......P..RAAP..R.........M.....M.
5 5 0 BB.P.....P..RAA...R.........M.....M.
5 5 0 BB.PM....PM.R.AA..R.................
5 5 0 BB.PM....PM.R..AA.R.................
5 5 0 BB.PM....PM.R...AAR.................
5 5 0 BB....R...M.R.AAM..........P.....P..
5 5 0 BB....R.....R.AAM.....M....P.....P..
5 5 0 BB....R.....R.AA......M....PM....P..
5 5 0 BB....R.....R.AA...........PM....PM.
5 5 0 BB....R...M.RAAPM....P..............
5 5 0 BB....R..PM.RAAPM...................
5 5 0 BB.P..R..PM.RAA.M...................
5 5 0 BB....R.....RAAPM....PM.............
5 5 0 BB....R..P..RAAPM.....M.............
5 5 0 BB.P..R..P..RAA.M.....M.............
5 5 0 BB....R.....R..AA.....M....PM....P..
5 5 0 BB....R.....R...AA....M....PM....P..
5 5 0 BB....R.....RAAP.....PM.....M.......
5 5 0 BB....R..P..RAAP......M.....M.......
5 5 0 BB.P..R..P..RAA.......M.....M.......
5 5 0 BB....R.....R..AA..........PM....PM.
5 5 0 BB....R.....R...AA.........PM....PM.
5 5 0 BB....R.....RAAP.....P......M.....M.
5 5 0 BB....R..P..RAAP............M.....M.
5 5 0 BB.P..R..P..RAA.............M.....M.
5 5 0 BB.PM.R..PM.R.AA....................
5 5 0 BB.PM.R..PM.R..AA...................
5 5 0 BB.PM.R..PM.R...AA..................
5 5 0 BB........M...AAM.......R..P..R..P..
5 5 0 BB............AAM.....M.R..P..R..P..
5 5 0 BB............AA......M.R..PM.R..P..
5 5 0 BB............AA........R..PM.R..PM.
5 5 0 BB........M..AAPM....P..R.....R.....
5 5 0 BB.......PM..AAPM.......R.....R.....
5 5 0 BB.P.....PM..AA.M.......R.....R.....
5 5 0 BB...........AAPM....PM.R.....R.....
5 5 0 BB.......P...AAPM.....M.R.....R.....
5 5 0 BB.P.....P...AA.M.....M.R.....R.....
5 5 0 BB.............AA.....M.R..PM.R..P..
5 5 0 BB..............AA....M.R..PM.R..P..
5 5 0 BB...........AAP.....PM.R...M.R.....
5 5 0 BB.......P...AAP......M.R...M.R.....
5 5 0 BB.P.....P...AA.......M.R...M.R.....
5 5 0 BB.............AA.......R..PM.R..PM.
5 5 0 BB..............AA......R..PM.R..PM.
5 5 0 BB...........AAP.....P..R...M.R...M.
5 5 0 BB.......P...AAP........R...M.R...M.
5 5 0 BB.P.....P...AA.........R...M.R...M.
5 5 0 BB.PM....PM...AA........R.....R.....
5 5 0 BB.PM....PM....AA.......R.....R.....
5 5 0 BB.PM....PM.....AA......R.....R.....
5 5 0 BB.P.....PM...AAM.R.....R...........
5 5 0 BB.P.....P....AAM.R...M.R...........
5 5 0 BB.P.....P....AA..R...M.R...M.......
5 5 0 BB.P.....P.....AA.R...M.R...M.......
5 5 0 BB.P.....P......AAR...M.R...M.......
5 5 0 BB.P.....P....AA..R.....R...M.....M.
5 5 0 BB.P.....P.....AA.R.....R...M.....M.
5 5 0 BB.P.....P......AAR.....R...M.....M.
5 5 0 .BB.......M.R.AAM.R..P.....P........
5 5 0 .BB.........R.AAM.R..PM....P........
5 5 0 .BB.........R.AA..R..PM....PM.......
5 5 0 .BB.........R.AA..R..P.....PM.....M.
5 5 0 ...BB.....M.RAA.M.R..P.....P........
5 5 0 ....BB....M.RAA.M.R..P.....P........
5 5 0 ...BB.......RAA.M.R..PM....P........
5 5 0 ....BB......RAA.M.R..PM....P........
5 5 0 .BB.........R..AA.R..PM....PM.......
5 5 0 .BB.........R...AAR..PM....PM.......
5 5 0 ...BB.......RAA...R..PM....PM.......
5 5 0 ....BB......RAA...R..PM....PM.......
5 5 0 .BB.........R..AA.R..P.....PM.....M.
5 5 0 .BB.........R...AAR..P.....PM.....M.
5 5 0 ...BB.......RAA...R..P.....PM.....M.
5 5 0 ....BB......RAA...R..P.....PM.....M.
5 5 0 .BB...R...M.R.AAM....P.....P........
5 5 0 .BB...R.....R.AAM....PM....P........
5 5 0 .BB...R.....R.AA.....PM....PM.......
5 5 0 .BB...R.....R.AA.....P.....PM.....M.
5 5 0 ...BB.R...M.RAA.M....P.....P........
5 5 0 ....BBR...M.RAA.M....P.....P........
5 5 0 ...BB.R.....RAA.M....PM....P........
5 5 0 ....BBR.....RAA.M....PM....P........
5 5 0 .BB...R.....R..AA....PM....PM.......
5 5 0 .BB...R.....R...AA...PM....PM.......
5 5 0 ...BB.R.....RAA......PM....PM.......
5 5 0 ....BBR.....RAA......PM....PM.......
5 5 0 .BB...R.....R..AA....P.....PM.....M.
5 5 0 .BB...R.....R...AA...P.....PM.....M.
5 5 0 ...BB.R.....RAA......P.....PM.....M.
5 5 0 ....BBR.....RAA......P.....PM.....M.
5 5 0 RBB...R...M.AA..M....P.....P........
5 5 0 RBB...R.....AA..M....PM....P........
5 5 0 RBB...R.....AA.......PM....PM.......
5 5 0 RBB...R.....AA.......P.....PM.....M.
5 5 0 RBB...R...M.AASSM....P.....P........
5 5 0 RBB...R.....AASSM....PM....P........
5 5 0 RBB...R.....AASS.....PM....PM.......
5 5 0 RBB...R.....AASS.....P.....PM.....M.
5 5 0 RBB...R...M...AAM....P.....P........
5 5 0 RBB...R.......AAM....PM....P........
5 5 0 RBB...R.......AA.....PM....PM.......
5 5 0 RBB...R.......AA.....P.....PM.....M.
5 5 0 R..BB.R...M..AA.M....P.....P........
5 5 0 R...BBR...M..AA.M....P.....P........
5 5 0 R..BB.R......AA.M....PM....P........
5 5 0 R...BBR......AA.M....PM....P........
5 5 0 RBB...R........AA....PM....PM.......
5 5 0 RBB...R.........AA...PM....PM.......
5 5 0 R..BB.R......AA......PM....PM.......
5 5 0 R...BBR......AA......PM....PM.......
5 5 0 RBB...R........AA....P.....PM.....M.
5 5 0 RBB...R.........AA...P.....PM.....M.
5 5 0 R..BB.R......AA......P.....PM.....M.
5 5 0 R...BBR......AA......P.....PM.....M.
5 5 0 .BB.......M...AAM....P..R..P..R.....
5 5 0 .BB...........AAM....PM.R..P..R.....
5 5 0 .BB...........AA.....PM.R..PM.R.....
5 5 0 .BB...........AA.....P..R..PM.R...M.
5 5 0 ...BB.....M..AA.M....P..R..P..R.....
5 5 0 ....BB....M..AA.M....P..R..P..R.....
5 5 0 ...BB........AA.M....PM.R..P..R.....
5 5 0 ....BB.......AA.M....PM.R..P..R.....
5 5 0 .BB............AA....PM.R..PM.R.....
5 5 0 .BB.............AA...PM.R..PM.R.....
5 5 0 ...BB........AA......PM.R..PM.R.....
5 5 0 ....BB.......AA......PM.R..PM.R.....
5 5 0 .BB............AA....P..R..PM.R...M.
5 5 0 .BB.............AA...P..R..PM.R...M.
5 5 0 ...BB........AA......P..R..PM.R...M.
5 5 0 ....BB.......AA......P..R..PM.R...M.
5 5 0 ...BB.....M...AAM.R..P..R..P........
5 5 0 ....BB....M...AAM.R..P..R..P........
5 5 0 ...BB.........AAM.R..PM.R..P........
5 5 0 ....BB........AAM.R..PM.R..P........
5 5 0 ...BB.........AA..R..PM.R..PM.......
5 5 0 ....BB........AA..R..PM.R..PM.......
5 5 0 ...BB.........AA..R..P..R..PM.....M.
5 5 0 ....BB........AA..R..P..R..PM.....M.
5 5 0 ...BB..........AA.R..PM.R..PM.......
5 5 0 ....BB.........AA.R..PM.R..PM.......
5 5 0 ...BB...........AAR..PM.R..PM.......
5 5 0 ....BB..........AAR..PM.R..PM.......
5 5 0 ...BB..........AA.R..P..R..PM.....M.
5 5 0 ....BB.........AA.R..P..R..PM.....M.
5 5 0 ...BB...........AAR..P..R..PM.....M.
5 5 0 ....BB..........AAR..P..R..PM.....M.
5 5 0 ...BB.....M.R.AAM.R........P.....P..
5 5 0 ....BB....M.R.AAM.R........P.....P..
5 5 0 ...BB.......R.AAM.R...M....P.....P..
5 5 0 ....BB......R.AAM.R...M....P.....P..
5 5 0 ...BB.......R.AA..R...M....PM....P..
5 5 0 ....BB......R.AA..R...M....PM....P..
5 5 0 ...BB.......R.AA..R........PM....PM.
5 5 0 ....BB......R.AA..R........PM....PM.
5 5 0 ...BB.....M.RAAPM.R..P..............
5 5 0 ...BB....PM.RAAPM.R.................
5 5 0 ....BB....M.RAAPM.R..P..............
5 5 0 ....BB...PM.RAAPM.R.................
5 5 0 ...PBB...PM.RAA.M.R.................
5 5 0 .BBP.....PM.R.AAM.R.................
5 5 0 ...BB.......RAAPM.R..PM.............
5 5 0 ...BB....P..RAAPM.R...M.............
5 5 0 ....BB......RAAPM.R..PM.............
5 5 0 ....BB...P..RAAPM.R...M.............
5 5 0 ...PBB...P..RAA.M.R...M.............
5 5 0 .BBP.....P..R.AAM.R...M.............
5 5 0 ...BB.......R..AA.R...M....PM....P..
5 5 0 ....BB......R..AA.R...M....PM....P..
5 5 0 ...BB.......R...AAR...M....PM....P..
5 5 0 ...BB.......RAAP..R..PM.....M.......
5 5 0 ...BB....P..RAAP..R...M.....M.......
5 5 0 ....BB......R...AAR...M....PM....P..
5 5 0 ....BB......RAAP..R..PM.....M.......
5 5 0 ....BB...P..RAAP..R...M.....M.......
5 5 0 ...PBB...P..RAA...R...M.....M.......
5 5 0 .BBP.....P..R.AA..R...M.....M.......
5 5 0 .BBP.....P..R..AA.R...M.....M.......
5 5 0 .BBP.....P..R...AAR...M.....M.......
5 5 0 ...BB.......R..AA.R........PM....PM.
5 5 0 ....BB......R..AA.R........PM....PM.
5 5 0 ...BB.......R...AAR........PM....PM.
5 5 0 ...BB.......RAAP..R..P......M.....M.
5 5 0 ...BB....P..RAAP..R.........M.....M.
5 5 0 ....BB......R...AAR........PM....PM.
5 5 0 ....BB......RAAP..R..P......M.....M.
5 5 0 ....BB...P..RAAP..R.........M.....M.
5 5 0 ...PBB...P..RAA...R.........M.....M.
5 5 0 .BBP.....P..R.AA..R.........M.....M.
5 5 0 .BBP.....P..R..AA.R.........M.....M.
5 5 0 .BBP.....P..R...AAR.........M.....M.
5 5 0 ...BB.R...M.R.AAM..........P.....P..
5 5 0 ....BBR...M.R.AAM..........P.....P..
5 5 0 ...BB.R.....R.AAM.....M....P.....P..
5 5 0 ....BBR.....R.AAM.....M....P.....P..
5 5 0 ...BB.R.....R.AA......M....PM....P..
5 5 0 ....BBR.....R.AA......M....PM....P..
5 5 0 ...BB.R.....R.AA...........PM....PM.
5 5 0 ....BBR.....R.AA...........PM....PM.
5 5 0 ...BB.R...M.RAAPM....P..............
5 5 0 ...BB.R..PM.RAAPM...................
5 5 0 ....BBR...M.RAAPM....P..............
5 5 0 ....BBR..PM.RAAPM...................
5 5 0 ...PBBR..PM.RAA.M...................
5 5 0 .BBP..R..PM.R.AAM...................
5 5 0 ...BB.R.....RAAPM....PM.............
5 5 0 ...BB.R..P..RAAPM.....M.............
5 5 0 ....BBR.....RAAPM....PM.............
5 5 0 ....BBR..P..RAAPM.....M.............
5 5 0 ...PBBR..P..RAA.M.....M.............
5 5 0 .BBP..R..P..R.AAM.....M.............
5 5 0 ...BB.R.....R..AA.....M....PM....P..
5 5 0 ....BBR.....R..AA.....M....PM....P..
5 5 0 ...BB.R.....R...AA....M....PM....P..
5 5 0 ...BB.R.....RAAP.....PM.....M.......
5 5 0 ...BB.R..P..RAAP......M.....M.......
5 5 0 ....BBR.....R...AA....M....PM....P..
5 5 0 ....BBR.....RAAP.....PM.....M.......
5 5 0 ....BBR..P..RAAP......M.....M.......
5 5 0 ...PBBR..P..RAA.......M.....M.......
5 5 0 .BBP..R..P..R.AA......M.....M.......
5 5 0 .BBP..R..P..R..AA.....M.....M.......
5 5 0 .BBP..R..P..R...AA....M.....M.......
5 5 0 ...BB.R.....R..AA..........PM....PM.
5 5 0 ....BBR.....R..AA..........PM....PM.
5 5 0 ...BB.R.....R...AA.........PM....PM.
5 5 0 ...BB.R.....RAAP.....P......M.....M.
5 5 0 ...BB.R..P..RAAP............M.....M.
5 5 0 ....BBR.....R...AA.........PM....PM.
5 5 0 ....BBR.....RAAP.....P......M.....M.
5 5 0 ....BBR..P..RAAP............M.....M.
5 5 0 ...PBBR..P..RAA.............M.....M.
5 5 0 .BBP..R..P..R.AA............M.....M.
5 5 0 .BBP..R..P..R..AA...........M.....M.
5 5 0 .BBP..R..P..R...AA..........M.....M.
5 5 0 R..BB.R...M.AA..M..........P.....P..
5 5 0 R...BBR...M.AA..M..........P.....P..
5 5 0 RBB...R...M.AA.PM....P..............
5 5 0 RBB...R..PM.AA.PM...................
5 5 0 RBBP..R..PM.AA..M...................
5 5 0 R..BB.R.....AA..M.....M....P.....P..
5 5 0 R...BBR.....AA..M.....M....P.....P..
5 5 0 RBB...R.....AA.PM....PM.............
5 5 0 RBB...R..P..AA.PM.....M.............
5 5 0 RBBP..R..P..AA..M.....M.............
5 5 0 R..BB.R.....AA........M....PM....P..
5 5 0 R...BBR.....AA........M....PM....P..
5 5 0 RBB...R.....AA.P.....PM.....M.......
5 5 0 RBB...R..P..AA.P......M.....M.......
5 5 0 RBBP..R..P..AA........M.....M.......
5 5 0 R..BB.R.....AA.............PM....PM.
5 5 0 R...BBR.....AA.............PM....PM.
5 5 0 RBB...R.....AA.P.....P......M.....M.
5 5 0 RBB...R..P..AA.P............M.....M.
5 5 0 RBBP..R..P..AA..............M.....M.
5 5 0 R..BB.R...M.AASSM..........P.....P..
5 5 0 R...BBR...M.AASSM..........P.....P..
5 5 0 R..BB.R.....AASSM.....M....P.....P..
5 5 0 R...BBR.....AASSM.....M....P.....P..
5 5 0 R..BB.R.....AASS......M....PM....P..
5 5 0 R...BBR.....AASS......M....PM....P..
5 5 0 R..BB.R.....AASS...........PM....PM.
5 5 0 R...BBR.....AASS...........PM....PM.
5 5 0 R..BB.R...M...AAM..........P.....P..
5 5 0 R...BBR...M...AAM..........P.....P..
5 5 0 R..BB.R.......AAM.....M....P.....P..
5 5 0 R...BBR.......AAM.....M....P.....P..
5 5 0 R..BB.R.......AA......M....PM....P..
5 5 0 R...BBR.......AA......M....PM....P..
5 5 0 R..BB.R.......AA...........PM....PM.
5 5 0 R...BBR.......AA...........PM....PM.
5 5 0 R..BB.R...M..AAPM....P..............
5 5 0 R..BB.R..PM..AAPM...................
5 5 0 R...BBR...M..AAPM....P..............
5 5 0 R...BBR..PM..AAPM...................
5 5 0 R..PBBR..PM..AA.M...................
5 5 0 RBBP..R..PM...AAM...................
5 5 0 R..BB.R......AAPM....PM.............
5 5 0 R..BB.R..P...AAPM.....M.............
5 5 0 R...BBR......AAPM....PM.............
5 5 0 R...BBR..P...AAPM.....M.............
5 5 0 R..PBBR..P...AA.M.....M.............
5 5 0 RBBP..R..P....AAM.....M.............
5 5 0 R..BB.R........AA.....M....PM....P..
5 5 0 R...BBR........AA.....M....PM....P..
5 5 0 R..BB.R.........AA....M....PM....P..
5 5 0 R..BB.R......AAP.....PM.....M.......
5 5 0 R..BB.R..P...AAP......M.....M.......
5 5 0 R...BBR.........AA....M....PM....P..
5 5 0 R...BBR......AAP.....PM.....M.......
5 5 0 R...BBR..P...AAP......M.....M.......
5 5 0 R..PBBR..P...AA.......M.....M.......
5 5 0 RBBP..R..P....AA......M.....M.......
5 5 0 RBBP..R..P.....AA.....M.....M.......
5 5 0 RBBP..R..P......AA....M.....M.......
5 5 0 R..BB.R........AA..........PM....PM.
5 5 0 R...BBR........AA..........PM....PM.
5 5 0 R..BB.R.........AA.........PM....PM.
5 5 0 R..BB.R......AAP.....P......M.....M.
5 5 0 R..BB.R..P...AAP............M.....M.
5 5 0 R...BBR.........AA.........PM....PM.
5 5 0 R...BBR......AAP.....P......M.....M.
5 5 0 R...BBR..P...AAP............M.....M.
5 5 0 R..PBBR..P...AA.............M.....M.
5 5 0 RBBP..R..P....AA............M.....M.
5 5 0 RBBP..R..P.....AA...........M.....M.
5 5 0 RBBP..R..P......AA..........M.....M.
5 5 0 ...BB.....M...AAM.......R..P..R..P..
5 5 0 ....BB....M...AAM.......R..P..R..P..
5 5 0 ...BB.........AAM.....M.R..P..R..P..
5 5 0 ....BB........AAM.....M.R..P..R..P..
5 5 0 ...BB.........AA......M.R..PM.R..P..
5 5 0 ....BB........AA......M.R..PM.R..P..
5 5 0 ...BB.........AA........R..PM.R..PM.
5 5 0 ....BB........AA........R..PM.R..PM.
5 5 0 ...BB.....M..AAPM....P..R.....R.....
5 5 0 ...BB....PM..AAPM.......R.....R.....
5 5 0 ....BB....M..AAPM....P..R.....R.....
5 5 0 ....BB...PM..AAPM.......R.....R.....
5 5 0 ...PBB...PM..AA.M.......R.....R.....
5 5 0 .BBP.....PM...AAM.......R.....R.....
5 5 0 ...BB........AAPM....PM.R.....R.....
5 5 0 ...BB....P...AAPM.....M.R.....R.....
5 5 0 ....BB.......AAPM....PM.R.....R.....
5 5 0 ....BB...P...AAPM.....M.R.....R.....
5 5 0 ...PBB...P...AA.M.....M.R.....R.....
5 5 0 .BBP.....P....AAM.....M.R.....R.....
5 5 0 ...BB..........AA.....M.R..PM.R..P..
5 5 0 ....BB.........AA.....M.R..PM.R..P..
5 5 0 ...BB...........AA....M.R..PM.R..P..
5 5 0 ...BB........AAP.....PM.R...M.R.....
5 5 0 ...BB....P...AAP......M.R...M.R.....
5 5 0 ....BB..........AA....M.R..PM.R..P..
5 5 0 ....BB.......AAP.....PM.R...M.R.....
5 5 0 ....BB...P...AAP......M.R...M.R.....
5 5 0 ...PBB...P...AA.......M.R...M.R.....
5 5 0 .BBP.....P....AA......M.R...M.R.....
5 5 0 .BBP.....P.....AA.....M.R...M.R.....
5 5 0 .BBP.....P......AA....M.R...M.R.....
5 5 0 ...BB..........AA.......R..PM.R..PM.
5 5 0 ....BB.........AA.......R..PM.R..PM.
5 5 0 ...BB...........AA......R..PM.R..PM.
5 5 0 ...BB........AAP.....P..R...M.R...M.
5 5 0 ...BB....P...AAP........R...M.R...M.
5 5 0 ....BB..........AA......R..PM.R..PM.
5 5 0 ....BB.......AAP.....P..R...M.R...M.
5 5 0 ....BB...P...AAP........R...M.R...M.
5 5 0 ...PBB...P...AA.........R...M.R...M.
5 5 0 .BBP.....P....AA........R...M.R...M.
5 5 0 .BBP.....P.....AA.......R...M.R...M.
5 5 0 .BBP.....P......AA......R...M.R...M.
5 5 0 ...PBB...PM...AAM.R.....R...........
5 5 0 ...PBB...P....AAM.R...M.R...........
5 5 0 ...PBB...P....AA..R...M.R...M.......
5 5 0 ...PBB...P.....AA.R...M.R...M.......
5 5 0 ...PBB...P......AAR...M.R...M.......
5 5 0 ...PBB...P....AA..R.....R...M.....M.
5 5 0 ...PBB...P.....AA.R.....R...M.....M.
5 5 0 ...PBB...P......AAR.....R...M.....M.
6 6 0 ..BB......M.AA..M....P..R..P..R.....
6 6 0 ..BB........AA..M....PM.R..P..R.....
6 6 0 ..BB........AA.......PM.R..PM.R.....
6 6 0 ..BB........AA.......P..R..PM.R...M.
6 6 0 ..BB......M.AASSM....P..R..P..R.....
6 6 0 ..BB........AASSM....PM.R..P..R.....
6 6 0 ..BB........AASS.....PM.R..PM.R.....
6 6 0 ..BB........AASS.....P..R..PM.R...M.
6 6 0 ..BB......M.AA.PM....P..R.....R.....
6 6 0 ..BB.....PM.AA.PM.......R.....R.....
6 6 0 ..BB........AA.PM....PM.R.....R.....
6 6 0 ..BB.....P..AA.PM.....M.R.....R.....
6 6 0 ..BB........AA.P.....PM.R...M.R.....
6 6 0 ..BB.....P..AA.P......M.R...M.R.....
6 6 0 ..BB........AA.P.....P..R...M.R...M.
6 6 0 ..BB.....P..AA.P........R...M.R...M.
6 6 0 BB........M.AA..M....P..R..P..R.....
6 6 0 BB..........AA..M....PM.R..P..R.....
6 6 0 BB..........AA.......PM.R..PM.R.....
6 6 0 BB..........AA.......P..R..PM.R...M.
6 6 0 BB........M.AASSM....P..R..P..R.....
6 6 0 BB..........AASSM....PM.R..P..R.....
6 6 0 BB..........AASS.....PM.R..PM.R.....
6 6 0 BB..........AASS.....P..R..PM.R...M.
6 6 0 BB........M.AA.PM....P..R.....R.....
6 6 0 BB.......PM.AA.PM.......R.....R.....
6 6 0 BB.P.....PM.AA..M.......R.....R.....
6 6 0 BB..........AA.PM....PM.R.....R.....
6 6 0 BB.......P..AA.PM.....M.R.....R.....
6 6 0 BB.P.....P..AA..M.....M.R.....R.....
6 6 0 BB..........AA.P.....PM.R...M.R.....
6 6 0 BB.......P..AA.P......M.R...M.R.....
6 6 0 BB.P.....P..AA........M.R...M.R.....
6 6 0 BB..........AA.P.....P..R...M.R...M.
6 6 0 BB.......P..AA.P........R...M.R...M.
6 6 0 BB.P.....P..AA..........R...M.R...M.
6 6 0 ...BB.....M.AA..M....P..R..P..R.....
6 6 0 ....BB....M.AA..M....P..R..P..R.....
6 6 0 ...BB.......AA..M....PM.R..P..R.....
6 6 0 ....BB......AA..M....PM.R..P..R.....
6 6 0 ...BB.......AA.......PM.R..PM.R.....
6 6 0 ....BB......AA.......PM.R..PM.R.....
6 6 0 ...BB.......AA.......P..R..PM.R...M.
6 6 0 ....BB......AA.......P..R..PM.R...M.
6 6 0 ...BB.....M.AASSM....P..R..P..R.....
6 6 0 ....BB....M.AASSM....P..R..P..R.....
6 6 0 ...BB.......AASSM....PM.R..P..R.....
6 6 0 ....BB......AASSM....PM.R..P..R.....
6 6 0 ...BB.......AASS.....PM.R..PM.R.....
6 6 0 ....BB......AASS.....PM.R..PM.R.....
6 6 0 ...BB.......AASS.....P..R..PM.R...M.
6 6 0 ....BB......AASS.....P..R..PM.R...M.
6 6 0 ...BB.....M.AA.PM....P..R.....R.....
6 6 0 ...BB....PM.AA.PM.......R.....R.....
6 6 0 ....BB....M.AA.PM....P..R.....R.....
6 6 0 ....BB...PM.AA.PM.......R.....R.....
6 6 0 ...PBB...PM.AA..M.......R.....R.....
6 6 0 ...BB.......AA.PM....PM.R.....R.....
6 6 0 ...BB....P..AA.PM.....M.R.....R.....
6 6 0 ....BB......AA.PM....PM.R.....R.....
6 6 0 ....BB...P..AA.PM.....M.R.....R.....
6 6 0 ...PBB...P..AA..M.....M.R.....R.....
6 6 0 ...BB.......AA.P.....PM.R...M.R.....
6 6 0 ...BB....P..AA.P......M.R...M.R.....
6 6 0 ....BB......AA.P.....PM.R...M.R.....
6 6 0 ....BB...P..AA.P......M.R...M.R.....
6 6 0 ...PBB...P..AA........M.R...M.R.....
6 6 0 ...BB.......AA.P.....P..R...M.R...M.
6 6 0 ...BB....P..AA.P........R...M.R...M.
6 6 0 ....BB......AA.P.....P..R...M.R...M.
6 6 0 ....BB...P..AA.P........R...M.R...M.
6 6 0 ...PBB...P..AA..........R...M.R...M.
6 6 0 ..BB......M.R.AAM.R..P.....P........
6 6 0 ..BB........R.AAM.R..PM....P........
6 6 0 ..BB........R.AA..R..PM....PM.......
6 6 0 ..BB........R.AA..R..P.....PM.....M.
6 6 0 ..BB........R..AA.R..PM....PM.......
6 6 0 ..BB........R...AAR..PM....PM.......
6 6 0 ..BB........R..AA.R..P.....PM.....M.
6 6 0 ..BB........R...AAR..P.....PM.....M.
6 6 0 ..BB..R...M.R.AAM....P.....P........
6 6 0 ..BB..R.....R.AAM....PM....P........
6 6 0 ..BB..R.....R.AA.....PM....PM.......
6 6 0 ..BB..R.....R.AA.....P.....PM.....M.
6 6 0 ..BB..R.....R..AA....PM....PM.......
6 6 0 ..BB..R.....R...AA...PM....PM.......
6 6 0 ..BB..R.....R..AA....P.....PM.....M.
6 6 0 ..BB..R.....R...AA...P.....PM.....M.
6 6 0 R.BB..R...M.AA..M....P.....P........
6 6 0 R.BB..R.....AA..M....PM....P........
6 6 0 R.BB..R.....AA.......PM....PM.......
6 6 0 R.BB..R.....AA.......P.....PM.....M.
6 6 0 R.BB..R...M.AASSM....P.....P........
6 6 0 R.BB..R.....AASSM....PM....P........
6 6 0 R.BB..R.....AASS.....PM....PM.......
6 6 0 R.BB..R.....AASS.....P.....PM.....M.
6 6 0 R.BB..R...M...AAM....P.....P........
6 6 0 R.BB..R.......AAM....PM....P........
6 6 0 R.BB..R.......AA.....PM....PM.......
6 6 0 R.BB..R.......AA.....P.....PM.....M.
6 6 0 R.BB..R........AA....PM....PM.......
6 6 0 R.BB..R.........AA...PM....PM.......
6 6 0 R.BB..R........AA....P.....PM.....M.
6 6 0 R.BB..R.........AA...P.....PM.....M.
6 6 0 ..BB......M...AAM....P..R..P..R.....
6 6 0 ..BB..........AAM....PM.R..P..R.....
6 6 0 ..BB..........AA.....PM.R..PM.R.....
6 6 0 ..BB..........AA.....P..R..PM.R...M.
6 6 0 ..BB...........AA....PM.R..PM.R.....
6 6 0 ..BB............AA...PM.R..PM.R.....
6 6 0 ..BB...........AA....P..R..PM.R...M.
6 6 0 ..BB............AA...P..R..PM.R...M.
6 6 0 R.BB..R...M.AA.PM....P..............
6 6 0 R.BB..R..PM.AA.PM...................
6 6 0 R.BB..R.....AA.PM....PM.............
6 6 0 R.BB..R..P..AA.PM.....M.............
6 6 0 R.BB..R.....AA.P.....PM.....M.......
6 6 0 R.BB..R..P..AA.P......M.....M.......
6 6 0 R.BB..R.....AA.P.....P......M.....M.
6 6 0 R.BB..R..P..AA.P............M.....M.
6 6 0 BB........M.R.AAM.R..P.....P........
6 6 0 BB..........R.AAM.R..PM....P........
6 6 0 BB..........R.AA..R..PM....PM.......
6 6 0 BB..........R.AA..R..P.....PM.....M.
6 6 0 BB..........R..AA.R..PM....PM.......
6 6 0 BB..........R...AAR..PM....PM.......
6 6 0 BB..........R..AA.R..P.....PM.....M.
6 6 0 BB..........R...AAR..P.....PM.....M.
6 6 0 BB....R...M.R.AAM....P.....P........
6 6 0 BB....R.....R.AAM....PM....P........
6 6 0 BB....R.....R.AA.....PM....PM.......
6 6 0 BB....R.....R.AA.....P.....PM.....M.
6 6 0 BB....R.....R..AA....PM....PM.......
6 6 0 BB....R.....R...AA...PM....PM.......
6 6 0 BB....R.....R..AA....P.....PM.....M.
6 6 0 BB....R.....R...AA...P.....PM.....M.
6 6 0 BB........M...AAM....P..R..P..R.....
6 6 0 BB............AAM....PM.R..P..R.....
6 6 0 BB............AA.....PM.R..PM.R.....
6 6 0 BB............AA.....P..R..PM.R...M.
6 6 0 BB.............AA....PM.R..PM.R.....
6 6 0 BB..............AA...PM.R..PM.R.....
6 6 0 BB.............AA....P..R..PM.R...M.
6 6 0 BB..............AA...P..R..PM.R...M.
6 6 0 BB.P.....PM.R.AAM.R.................
6 6 0 BB.P.....P..R.AAM.R...M.............
6 6 0 BB.P.....P..R.AA..R...M.....M.......
6 6 0 BB.P.....P..R..AA.R...M.....M.......
6 6 0 BB.P.....P..R...AAR...M.....M.......
6 6 0 BB.P.....P..R.AA..R.........M.....M.
6 6 0 BB.P.....P..R..AA.R.........M.....M.
6 6 0 BB.P.....P..R...AAR.........M.....M.
6 6 0 BB.P..R..PM.R.AAM...................
6 6 0 BB.P..R..P..R.AAM.....M.............
6 6 0 BB.P..R..P..R.AA......M.....M.......
6 6 0 BB.P..R..P..R..AA.....M.....M.......
6 6 0 BB.P..R..P..R...AA....M.....M.......
6 6 0 BB.P..R..P..R.AA............M.....M.
6 6 0 BB.P..R..P..R..AA...........M.....M.
6 6 0 BB.P..R..P..R...AA..........M.....M.
6 6 0 BB.P.....PM...AAM.......R.....R.....
6 6 0 BB.P.....P....AAM.....M.R.....R.....
6 6 0 BB.P.....P....AA......M.R...M.R.....
6 6 0 BB.P.....P.....AA.....M.R...M.R.....
6 6 0 BB.P.....P......AA....M.R...M.R.....
6 6 0 BB.P.....P....AA........R...M.R...M.
6 6 0 BB.P.....P.....AA.......R...M.R...M.
6 6 0 BB.P.....P......AA......R...M.R...M.
6 6 0 ...BB.....M.R.AAM.R..P.....P........
6 6 0 ....BB....M.R.AAM.R..P.....P........
6 6 0 ...BB.......R.AAM.R..PM....P........
6 6 0 ....BB......R.AAM.R..PM....P........
6 6 0 ...BB.......R.AA..R..PM....PM.......
6 6 0 ....BB......R.AA..R..PM....PM.......
6 6 0 ...BB.......R.AA..R..P.....PM.....M.
6 6 0 ....BB......R.AA..R..P.....PM.....M.
6 6 0 ...BB.......R..AA.R..PM....PM.......
6 6 0 ....BB......R..AA.R..PM....PM.......
6 6 0 ...BB.......R...AAR..PM....PM.......
6 6 0 ....BB......R...AAR..PM....PM.......
6 6 0 ...BB.......R..AA.R..P.....PM.....M.
6 6 0 ....BB......R..AA.R..P.....PM.....M.
6 6 0 ...BB.......R...AAR..P.....PM.....M.
6 6 0 ....BB......R...AAR..P.....PM.....M.
6 6 0 ...BB.R...M.R.AAM....P.....P........
6 6 0 ....BBR...M.R.AAM....P.....P........
6 6 0 ...BB.R.....R.AAM....PM....P........
6 6 0 ....BBR.....R.AAM....PM....P........
6 6 0 ...BB.R.....R.AA.....PM....PM.......
6 6 0 ....BBR.....R.AA.....PM....PM.......
6 6 0 ...BB.R.....R.AA.....P.....PM.....M.
6 6 0 ....BBR.....R.AA.....P.....PM.....M.
6 6 0 ...BB.R.....R..AA....PM....PM.......
6 6 0 ....BBR.....R..AA....PM....PM.......
6 6 0 ...BB.R.....R...AA...PM....PM.......
6 6 0 ....BBR.....R...AA...PM....PM.......
6 6 0 ...BB.R.....R..AA....P.....PM.....M.
6 6 0 ....BBR.....R..AA....P.....PM.....M.
6 6 0 ...BB.R.....R...AA...P.....PM.....M.
6 6 0 ....BBR.....R...AA...P.....PM.....M.
6 6 0 R..BB.R...M.AA..M....P.....P........
6 6 0 R...BBR...M.AA..M....P.....P........
6 6 0 R..BB.R.....AA..M....PM....P........
6 6 0 R...BBR.....AA..M....PM....P........
6 6 0 R..BB.R.....AA.......PM....PM.......
6 6 0 R...BBR.....AA.......PM....PM.......
6 6 0 R..BB.R.....AA.......P.....PM.....M.
6 6 0 R...BBR.....AA.......P.....PM.....M.
6 6 0 R..BB.R...M.AASSM....P.....P........
6 6 0 R...BBR...M.AASSM....P.....P........
6 6 0 R..BB.R.....AASSM....PM....P........
6 6 0 R...BBR.....AASSM....PM....P........
6 6 0 R..BB.R.....AASS.....PM....PM.......
6 6 0 R...BBR.....AASS.....PM....PM.......
6 6 0 R..BB.R.....AASS.....P.....PM.....M.
6 6 0 R...BBR.....AASS.....P.....PM.....M.
6 6 0 R..BB.R...M...AAM....P.....P........
6 6 0 R...BBR...M...AAM....P.....P........
6 6 0 R..BB.R.......AAM....PM....P........
6 6 0 R...BBR.......AAM....PM....P........
6 6 0 R..BB.R.......AA.....PM....PM.......
6 6 0 R...BBR.......AA.....PM....PM.......
6 6 0 R..BB.R.......AA.....P.....PM.....M.
6 6 0 R...BBR.......AA.....P.....PM.....M.
6 6 0 R..BB.R........AA....PM....PM.......
6 6 0 R...BBR........AA....PM....PM.......
6 6 0 R..BB.R.........AA...PM....PM.......
6 6 0 R...BBR.........AA...PM....PM.......
6 6 0 R..BB.R........AA....P.....PM.....M.
6 6 0 R...BBR........AA....P.....PM.....M.
6 6 0 R..BB.R.........AA...P.....PM.....M.
6 6 0 R...BBR.........AA...P.....PM.....M.
6 6 0 ...BB.....M...AAM....P..R..P..R.....
6 6 0 ....BB....M...AAM....P..R..P..R.....
6 6 0 ...BB.........AAM....PM.R..P..R.....
6 6 0 ....BB........AAM....PM.R..P..R.....
6 6 0 ...BB.........AA.....PM.R..PM.R.....
6 6 0 ....BB........AA.....PM.R..PM.R.....
6 6 0 ...BB.........AA.....P..R..PM.R...M.
6 6 0 ....BB........AA.....P..R..PM.R...M.
6 6 0 ...BB..........AA....PM.R..PM.R.....
6 6 0 ....BB.........AA....PM.R..PM.R.....
6 6 0 ...BB...........AA...PM.R..PM.R.....
6 6 0 ....BB..........AA...PM.R..PM.R.....
6 6 0 ...BB..........AA....P..R..PM.R...M.
6 6 0 ....BB.........AA....P..R..PM.R...M.
6 6 0 ...BB...........AA...P..R..PM.R...M.
6 6 0 ....BB..........AA...P..R..PM.R...M.
6 6 0 ...PBB...PM.R.AAM.R.................
6 6 0 ...PBB...P..R.AAM.R...M.............
6 6 0 ...PBB...P..R.AA..R...M.....M.......
6 6 0 ...PBB...P..R..AA.R...M.....M.......
6 6 0 ...PBB...P..R...AAR...M.....M.......
6 6 0 ...PBB...P..R.AA..R.........M.....M.
6 6 0 ...PBB...P..R..AA.R.........M.....M.
6 6 0 ...PBB...P..R...AAR.........M.....M.
6 6 0 ...PBBR..PM.R.AAM...................
6 6 0 ...PBBR..P..R.AAM.....M.............
6 6 0 ...PBBR..P..R.AA......M.....M.......
6 6 0 ...PBBR..P..R..AA.....M.....M.......
6 6 0 ...PBBR..P..R...AA....M.....M.......
6 6 0 ...PBBR..P..R.AA............M.....M.
6 6 0 ...PBBR..P..R..AA...........M.....M.
6 6 0 ...PBBR..P..R...AA..........M.....M.
6 6 0 R..BB.R...M.AA.PM....P..............
6 6 0 R..BB.R..PM.AA.PM...................
6 6 0 R...BBR...M.AA.PM....P..............
6 6 0 R...BBR..PM.AA.PM...................
6 6 0 R..PBBR..PM.AA..M...................
6 6 0 R..BB.R.....AA.PM....PM.............
6 6 0 R..BB.R..P..AA.PM.....M.............
6 6 0 R...BBR.....AA.PM....PM.............
6 6 0 R...BBR..P..AA.PM.....M.............
6 6 0 R..PBBR..P..AA..M.....M.............
6 6 0 R..BB.R.....AA.P.....PM.....M.......
6 6 0 R..BB.R..P..AA.P......M.....M.......
6 6 0 R...BBR.....AA.P.....PM.....M.......
6 6 0 R...BBR..P..AA.P......M.....M.......
6 6 0 R..PBBR..P..AA........M.....M.......
6 6 0 R..BB.R.....AA.P.....P......M.....M.
6 6 0 R..BB.R..P..AA.P............M.....M.
6 6 0 R...BBR.....AA.P.....P......M.....M.
6 6 0 R...BBR..P..AA.P............M.....M.
6 6 0 R..PBBR..P..AA..............M.....M.
6 6 0 R..PBBR..PM...AAM...................
6 6 0 R..PBBR..P....AAM.....M.............
6 6 0 R..PBBR..P....AA......M.....M.......
6 6 0 R..PBBR..P.....AA.....M.....M.......
6 6 0 R..PBBR..P......AA....M.....M.......
6 6 0 R..PBBR..P....AA............M.....M.
6 6 0 R..PBBR..P.....AA...........M.....M.
6 6 0 R..PBBR..P......AA..........M.....M.
6 6 0 ...PBB...PM...AAM.......R.....R.....
6 6 0 ...PBB...P....AAM.....M.R.....R.....
6 6 0 ...PBB...P....AA......M.R...M.R.....
6 6 0 ...PBB...P.....AA.....M.R...M.R.....
6 6 0 ...PBB...P......AA....M.R...M.R.....
6 6 0 ...PBB...P....AA........R...M.R...M.
6 6 0 ...PBB...P.....AA.......R...M.R...M.
6 6 0 ...PBB...P......AA......R...M.R...M.
